0.0 0.0 0.0
0.0241757776491 0.0 0.0
0.0483515552982 0.0 0.0
0.0726677310062 0.0 0.0
0.0974107073691 0.0 0.0
0.122632451451 0.0 0.0
0.148276246984 0.0 0.0
0.174554183631 0.0 0.0
0.201251914175 0.0 0.0
0.228703871427 0.0 0.0
0.257446462863 0.0 0.0
0.288119409385 0.0 0.0
0.320483455956 0.0 0.0
0.354392974434 0.0 0.0
0.390368578877 0.0 0.0
0.428875012061 0.0 0.0
0.468175092346 0.0 0.0
0.50873726319 0.0 0.0
0.550182956578 0.0 0.0
0.593196886172 0.0 0.0
0.638646231967 0.0 0.0
0.684169753012 0.0 0.0
0.730393503003 0.0 0.0
0.777059857747 0.0 0.0
0.824687306035 0.0 0.0
0.872911978554 0.0 0.0
0.922077882177 0.0 0.0
0.971100881131 0.0 0.0
1.02072325616 0.0 0.0
1.07105032824 0.0 0.0
1.12056249739 0.0 0.0
1.16967365866 0.0 0.0
1.21905200069 0.0 0.0
1.26960391408 0.0 0.0
1.3199387087 0.0 0.0
1.37024014657 0.0 0.0
1.42058862838 0.0 0.0
1.47201312307 0.0 0.0
1.5234385454 0.0 0.0
1.57480959536 0.0 0.0
1.62644262979 0.0 0.0
1.67878070953 0.0 0.0
1.73196539222 0.0 0.0
1.78667389398 0.0 0.0
1.84171520004 0.0 0.0
1.89558842797 0.0 0.0
1.94989359332 0.0 0.0
2.00377833719 0.0 0.0
2.05740021623 0.0 0.0
2.11126600162 0.0 0.0
2.16518920586 0.0 0.0
2.21957667363 0.0 0.0
2.27456581167 0.0 0.0
2.32992401825 0.0 0.0
2.38465474257 0.0 0.0
2.43939828286 0.0 0.0
2.4941415058 0.0 0.0
2.54899172916 0.0 0.0
2.60497959425 0.0 0.0
2.66184703369 0.0 0.0
2.71819080436 0.0 0.0
2.77421573328 0.0 0.0
2.83039266893 0.0 0.0
2.88620483877 0.0 0.0
2.94285480047 0.0 0.0
2.99953585651 0.0 0.0
3.05633303879 0.0 0.0
3.11345566122 0.0 0.0
3.17096834843 0.0 0.0
3.2287141792 0.0 0.0
3.28669236269 0.0 0.0
3.34465150109 0.0 0.0
3.4027677778 0.0 0.0
3.4603486296 0.0 0.0
3.51819463086 0.0 0.0
3.57670200205 0.0 0.0
3.63503433612 0.0 0.0
3.69327224908 0.0 0.0
3.75206399146 0.0 0.0
3.81111587475 0.0 0.0
3.87101441729 0.0 0.0
3.93133396789 0.0 0.0
3.99103397059 0.0 0.0
4.0 0.0 0.0
4.05970432668 0.0 0.0
4.11955606517 0.0 0.0
4.17955475565 0.0 0.0
4.23993228176 0.0 0.0
4.30032887064 0.0 0.0
4.36068058305 0.0 0.0
4.42118193346 0.0 0.0
4.48137984214 0.0 0.0
4.54197734167 0.0 0.0
4.60252069972 0.0 0.0
4.66310860186 0.0 0.0
4.72433849132 0.0 0.0
4.78596687034 0.0 0.0
4.84797717706 0.0 0.0
4.91007555801 0.0 0.0
4.97212451567 0.0 0.0
5.03386115475 0.0 0.0
5.09539349418 0.0 0.0
5.15750241612 0.0 0.0
5.21998970654 0.0 0.0
5.28266152055 0.0 0.0
5.3450324054 0.0 0.0
5.40738933751 0.0 0.0
5.47001739007 0.0 0.0
5.5325809011 0.0 0.0
5.59517446646 0.0 0.0
5.65783888101 0.0 0.0
5.72108332415 0.0 0.0
5.78475222808 0.0 0.0
5.84875171987 0.0 0.0
5.91246715095 0.0 0.0
5.97621363285 0.0 0.0
6.03953538003 0.0 0.0
6.103032844 0.0 0.0
6.16711556847 0.0 0.0
6.23138915105 0.0 0.0
6.29603503157 0.0 0.0
6.36041355899 0.0 0.0
6.42452942657 0.0 0.0
6.48881038826 0.0 0.0
6.55337606844 0.0 0.0
6.61789464959 0.0 0.0
6.68252042413 0.0 0.0
6.74761903279 0.0 0.0
6.81302770374 0.0 0.0
6.87814512469 0.0 0.0
6.94319620557 0.0 0.0
7.00840473903 0.0 0.0
7.0734065104 0.0 0.0
7.13870726817 0.0 0.0
7.20445852895 0.0 0.0
7.27021196011 0.0 0.0
7.33611120432 0.0 0.0
7.40210110549 0.0 0.0
7.467823212 0.0 0.0
7.53364451554 0.0 0.0
7.59980071821 0.0 0.0
7.6659128757 0.0 0.0
7.7321585657 0.0 0.0
7.79883373668 0.0 0.0
7.86543129605 0.0 0.0
7.93183629087 0.0 0.0
7.99837275428 0.0 0.0
8.0 0.0 0.0
8.06672248919 0.0 0.0
8.1334699438 0.0 0.0
8.20053688019 0.0 0.0
8.26777963843 0.0 0.0
8.33489470951 0.0 0.0
8.40187998847 0.0 0.0
8.4690435303 0.0 0.0
8.53619867866 0.0 0.0
8.60344453079 0.0 0.0
8.67097033378 0.0 0.0
8.7384862974 0.0 0.0
8.80609628313 0.0 0.0
8.8737929912 0.0 0.0
8.94149823836 0.0 0.0
9.00922017743 0.0 0.0
9.0771646569 0.0 0.0
9.14517307398 0.0 0.0
9.21344083461 0.0 0.0
9.281902862 0.0 0.0
9.35011101829 0.0 0.0
9.41814692647 0.0 0.0
9.4863291456 0.0 0.0
9.55462089008 0.0 0.0
9.62298168132 0.0 0.0
9.69138582345 0.0 0.0
9.7599018438 0.0 0.0
9.82863125743 0.0 0.0
9.89734705932 0.0 0.0
9.96607746621 0.0 0.0
10.03486433 0.0 0.0
10.103778393 0.0 0.0
10.1728622889 0.0 0.0
10.2419194446 0.0 0.0
10.3109018512 0.0 0.0
10.3798810419 0.0 0.0
10.4489568456 0.0 0.0
10.5181485411 0.0 0.0
10.5873618582 0.0 0.0
10.6566397137 0.0 0.0
10.7261220443 0.0 0.0
10.7957206426 0.0 0.0
10.8653011516 0.0 0.0
10.9348514311 0.0 0.0
11.0044609642 0.0 0.0
11.0740405278 0.0 0.0
11.1436197804 0.0 0.0
11.2132683559 0.0 0.0
11.283005711 0.0 0.0
11.3528908689 0.0 0.0
11.4228574607 0.0 0.0
11.4927892569 0.0 0.0
11.5627712194 0.0 0.0
11.632930901 0.0 0.0
11.7033063978 0.0 0.0
11.7735987111 0.0 0.0
11.843783374 0.0 0.0
11.9139350009 0.0 0.0
11.9841349833 0.0 0.0
12.0 0.0 0.0
12.070294688 0.0 0.0
12.1406133884 0.0 0.0
12.2110311502 0.0 0.0
12.2816122092 0.0 0.0
12.3522703317 0.0 0.0
12.4228747898 0.0 0.0
12.4935063889 0.0 0.0
12.5642370156 0.0 0.0
12.6348901865 0.0 0.0
12.7055475286 4.4408920985e-16 4.4408920985e-15
12.7762617071 4.4408920985e-16 4.4408920985e-15
12.8470288223 8.881784197e-16 8.881784197e-15
12.917928421 2.22044604925e-15 2.22044604925e-14
12.9888373186 3.99680288865e-15 3.99680288865e-14
13.0597536141 7.77156117238e-15 7.77156117238e-14
13.1307715787 1.62092561595e-14 1.62092561595e-13
13.2019772841 3.50830475782e-14 3.50830475782e-13
13.273316701 7.94919685632e-14 7.94919685632e-13
13.3445722124 1.86517468137e-13 1.86517468137e-12
13.4157440783 4.57411886146e-13 4.57411886146e-12
13.4868817 1.1675105327e-12 1.1675105327e-11
13.5580615778 3.08331138399e-12 3.08331138399e-11
13.6293305454 8.29469826158e-12 8.29469826158e-11
13.7006136241 2.24011920125e-11 2.24011920125e-10
13.7719844768 6.31632524062e-11 6.31632524062e-10
13.8435027059 1.73092651323e-10 1.73092651323e-09
13.9150049343 4.21614743118e-10 4.21614743118e-09
13.9864955059 7.01302349526e-10 7.01302349526e-09
14.0580550599 8.87910411862e-10 8.87910411862e-09
14.129722585 1.00998187591e-09 1.00998187591e-08
14.2013083616 1.22109766743e-09 1.22109766743e-08
14.2728774197 1.53825485683e-09 1.53825485683e-08
14.3444850785 2.08118633438e-09 2.08118633438e-08
14.4161565468 3.00936764397e-09 3.00936764397e-08
14.4879368552 4.58863813613e-09 4.58863813613e-08
14.5597136441 7.28889215651e-09 7.28889215651e-08
14.6315232313 1.20848391294e-08 1.20848391294e-07
14.7034410828 2.1454806598e-08 2.1454806598e-07
14.7754752058 4.15565586387e-08 4.15565586387e-07
14.8475512716 9.03974115563e-08 9.03974115563e-07
14.9195771533 2.15435393747e-07 2.15435393747e-06
14.9915946411 5.06973061531e-07 5.06973061531e-06
15.0635798765 8.96212045465e-07 8.96212045465e-06
15.1355974651 1.20445924168e-06 1.20445924168e-05
15.2076814294 1.36438145759e-06 1.36438145759e-05
15.2797850303 1.55548536718e-06 1.55548536718e-05
15.3519768882 1.79910524412e-06 1.79910524412e-05
15.4242762546 2.26756436073e-06 2.26756436073e-05
15.4965416863 3.13466108803e-06 3.13466108803e-05
15.5688326334 4.72246484051e-06 4.72246484051e-05
15.6412189299 7.64586472046e-06 7.64586472046e-05
15.7136582577 1.33377116724e-05 0.000133377116724
15.7860284312 2.51059693401e-05 0.000251059693401
15.8583841635 5.08833863635e-05 0.000508833863635
15.9307741554 0.000108827184884 0.00108827184884
16.0 0.000229228853689 0.00229228853689
16.0725413634 0.000513279388603 0.00513279388603
16.1450721034 0.00116390457883 0.0116390457883
16.2176385697 0.00255088599614 0.0255088599614
16.2903166622 0.0048546936133 0.048546936133
16.3630836171 0.00766983982114 0.0766983982114
16.4358146867 0.0109608380195 0.109608380195
16.5085501082 0.0149377127068 0.149377127068
16.5812946483 0.0197857913333 0.197857913333
16.6540116628 0.0256922287413 0.256922287413
16.7267589092 0.0326051713623 0.326051713623
16.7995590386 0.0402284828523 0.402284828523
16.8723857653 0.0485082269005 0.485082269005
16.9452983305 0.0575283559453 0.575283559453
17.0182563114 0.0672886985436 0.672886985436
17.0912047008 0.0770619684271 0.770619684271
17.1641995273 0.0865027795158 0.865027795158
17.2373000795 0.0960296152009 0.960296152009
17.3104099455 0.106637894651 1.06637894651
17.3834624286 0.117131672294 1.17131672294
17.4565040302 0.1272541392 1.272541392
17.5295773403 0.134804527031 1.34804527031
17.6027004912 0.141691936383 1.41691936383
17.6758807528 0.147520290799 1.47520290799
17.7490636574 0.151403735233 1.51403735233
17.8223019449 0.154317806228 1.54317806228
17.8956256745 0.155451466778 1.55451466778
17.9689754307 0.155581995556 1.55581995556
18.0423135772 0.156608709189 1.56608709189
18.1156914711 0.15716071253 1.5716071253
18.189062779 0.15623393392 1.5623393392
18.2624165829 0.154740619024 1.54740619024
18.3357995306 0.15363452579 1.5363452579
18.4092192636 0.152252038707 1.52252038707
18.4826774974 0.150318714925 1.50318714925
18.556213845 0.14824859897 1.4824859897
18.6297470714 0.145860842355 1.45860842355
18.7033006024 0.143309570276 1.43309570276
18.7769258733 0.140513592702 1.40513592702
18.8506250569 0.13758057995 1.3758057995
18.9243107473 0.133508643483 1.33508643483
18.9979503991 0.12931358725 1.2931358725
19.0715910278 0.124839435623 1.24839435623
19.1452658493 0.119681966894 1.19681966894
19.2189855516 0.114365251429 1.14365251429
19.2927293851 0.10849760255 1.0849760255
19.3664971518 0.101311468623 1.01311468623
19.4403389636 0.0925145596894 0.925145596894
19.5142338521 0.0835715328806 0.835715328806
19.5881075875 0.075110127285 0.75110127285
19.6620062245 0.066299665999 0.66299665999
19.7359664955 0.0579588365087 0.579588365087
19.8098841733 0.0511430517507 0.511430517507
19.8837994167 0.0455110260994 0.455110260994
19.957747126 0.0408125364989 0.408125364989
20.0 0.0380560091007 0.380560091007
20.0740255363 0.035767553093 0.35767553093
20.1480741918 0.0353288880102 0.353288880102
20.2221252285 0.03429848859 0.3429848859
20.29620896 0.0335562911108 0.335562911108
20.3703604183 0.0337387708394 0.337387708394
20.4445531425 0.0349957399976 0.349957399976
20.5187522544 0.0356629419446 0.356629419446
20.592913715 0.0359606826497 0.359606826497
20.6670763701 0.0362953442862 0.362953442862
20.7412559069 0.0364025211811 0.364025211811
20.8154770276 0.0357296553615 0.357296553615
20.8897216973 0.0340346824679 0.340346824679
20.9639960764 0.0321997564365 0.321997564365
21.0383247086 0.0298570953677 0.298570953677
21.1126832961 0.0271134959648 0.271134959648
21.1870385142 0.024282146749 0.24282146749
21.2614303667 0.0213399225509 0.213399225509
21.3358738187 0.0180371717338 0.180371717338
21.4102839965 0.0144287005348 0.144287005348
21.4846894564 0.0106191251433 0.106191251433
21.5591222298 0.00663604561334 0.0663604561334
21.6335753883 0.00243668685764 0.0243668685764
21.708077623 -0.00191711938417 -0.0191711938417
21.7825963466 -0.00637618391289 -0.0637618391289
21.8571242271 -0.0107107230028 -0.107107230028
21.9317032487 -0.0147450126112 -0.147450126112
22.0063269087 -0.0188902408501 -0.188902408501
22.0809640521 -0.0227737917018 -0.227737917018
22.155601577 -0.0261721835326 -0.261721835326
22.2302238132 -0.0290921786424 -0.290921786424
22.3048583801 -0.0317232388388 -0.317232388388
22.3795167073 -0.0342147641226 -0.342147641226
22.454211666 -0.0365409597284 -0.365409597284
22.5289126524 -0.0388985330313 -0.388985330313
22.6036596304 -0.0414573993359 -0.414573993359
22.6784417665 -0.0442353880706 -0.442353880706
22.7532196768 -0.0470112243275 -0.470112243275
22.8280252137 -0.0497196102708 -0.497196102708
22.9028827522 -0.0523298630842 -0.523298630842
22.9777467414 -0.0548041816332 -0.548041816332
23.0525835931 -0.0571497910815 -0.571497910815
23.1274336918 -0.059298822323 -0.59298822323
23.2023051767 -0.061145030338 -0.61145030338
23.2772026856 -0.0627731324458 -0.627731324458
23.3521387775 -0.0642514667512 -0.642514667512
23.4270733469 -0.0655007228591 -0.655007228591
23.5020447423 -0.0666222942888 -0.666222942888
23.5770557435 -0.0675563141477 -0.675563141477
23.6520806023 -0.0683260237315 -0.683260237315
23.727105556 -0.0688918865964 -0.688918865964
23.802148349 -0.0692849347139 -0.692849347139
23.8771813466 -0.0696593341778 -0.696593341778
23.9522337062 -0.0701497372408 -0.701497372408
24.0 -0.0704025401778 -0.704025401778
24.0750916689 -0.0707862653462 -0.707862653462
24.1502040301 -0.0704448963057 -0.704448963057
24.2253504948 -0.070386060187 -0.70386060187
24.3005043417 -0.0702159761539 -0.702159761539
24.375666923 -0.0695896988208 -0.695896988208
24.4508738714 -0.0681591334611 -0.681591334611
24.5261030694 -0.0668531832142 -0.668531832142
24.6013416657 -0.065624873622 -0.65624873622
24.6765663716 -0.064367835924 -0.64367835924
24.7517987584 -0.0632123341731 -0.632123341731
24.8270464581 -0.0621741359772 -0.621741359772
24.9023302881 -0.0611771973091 -0.611771973091
24.9776232971 -0.0602220855536 -0.602220855536
25.0529293613 -0.0592093604873 -0.592093604873
25.12826552 -0.0581956428636 -0.581956428636
25.203629574 -0.056766224857 -0.56766224857
25.2790523858 -0.055357580026 -0.55357580026
25.3544678702 -0.0541663467481 -0.541663467481
25.4298729041 -0.0528900426024 -0.528900426024
25.5052750085 -0.0516690507939 -0.516690507939
25.5806942841 -0.0503442633652 -0.503442633652
25.6561278378 -0.04889851395 -0.4889851395
25.7315693496 -0.0473575745445 -0.473575745445
25.8070419871 -0.0455867975922 -0.455867975922
25.882527315 -0.0436422860977 -0.436422860977
25.9580607777 -0.0418147614727 -0.418147614727
26.0336651821 -0.0402744143856 -0.402744143856
26.1092492749 -0.039086680471 -0.39086680471
26.1848344946 -0.0380823331869 -0.380823331869
26.2604087447 -0.0371254850764 -0.371254850764
26.3359840816 -0.0362659653428 -0.362659653428
26.4115565011 -0.0352840510869 -0.352840510869
26.487147518 -0.0340304959678 -0.340304959678
26.5627587529 -0.0325501029579 -0.325501029579
26.6383930611 -0.0309253892952 -0.309253892952
26.7140831405 -0.029316200541 -0.29316200541
26.7898496774 -0.0279563016805 -0.279563016805
26.8655894648 -0.0270013080205 -0.270013080205
26.9413183801 -0.0263069754321 -0.263069754321
27.0170437669 -0.0260008670819 -0.260008670819
27.0927610176 -0.025864597291 -0.25864597291
27.1684734463 -0.0257370922776 -0.257370922776
27.2442026467 -0.0255943189033 -0.255943189033
27.3199493579 -0.0252132430924 -0.252132430924
27.3957196906 -0.024750060188 -0.24750060188
27.4715412499 -0.0243410685116 -0.243410685116
27.5474407579 -0.0240309353566 -0.240309353566
27.6233238137 -0.0239446463987 -0.239446463987
27.6991904631 -0.024204177319 -0.24204177319
27.7750500366 -0.0244444309829 -0.244444309829
27.8509107086 -0.0246463718449 -0.246463718449
27.9267587495 -0.0246765361034 -0.246765361034
28.0 -0.0242627822981 -0.242627822981
28.0758798373 -0.0235679977269 -0.235679977269
28.1517727019 -0.0227730871763 -0.227730871763
28.2277026791 -0.0220483851176 -0.220483851176
28.3036982944 -0.0215597505985 -0.215597505985
28.3797124318 -0.0212341061338 -0.212341061338
28.4557016243 -0.0210051312092 -0.210051312092
28.5316736239 -0.0208163465365 -0.208163465365
28.6076456875 -0.0204236545411 -0.204236545411
28.6835955857 -0.0196368278885 -0.196368278885
28.7595450916 -0.0184139868731 -0.184139868731
28.8355094663 -0.0168275776409 -0.168275776409
28.9114783293 -0.0151516943707 -0.151516943707
28.9874726538 -0.0137053551568 -0.137053551568
29.063521165 -0.0127739355363 -0.127739355363
29.1396510066 -0.0124750684607 -0.124750684607
29.21585716 -0.012699433972 -0.12699433972
29.2920538682 -0.0128865912316 -0.128865912316
29.368260064 -0.0128305245639 -0.128305245639
29.4445015266 -0.0126518738675 -0.126518738675
29.5207904814 -0.0122912034951 -0.122912034951
29.5970939362 -0.0117216857216 -0.117216857216
29.6734358936 -0.0110845298011 -0.110845298011
29.7498431899 -0.010566081795 -0.10566081795
29.8263333675 -0.010349542562 -0.10349542562
29.902920452 -0.0106873348383 -0.106873348383
29.9796196416 -0.0111153766519 -0.111153766519
30.0564465744 -0.0114372366231 -0.114372366231
30.1334091057 -0.0116932800447 -0.116932800447
30.2103980332 -0.011660026119 -0.11660026119
30.2873959693 -0.0113600419415 -0.113600419415
30.3644204498 -0.0108488241922 -0.108488241922
30.4414818206 -0.0104080714524 -0.104080714524
30.51858734 -0.010324532039 -0.10324532039
30.5957442314 -0.0104552807228 -0.104552807228
30.6729610756 -0.0107004898241 -0.107004898241
30.7502434107 -0.0110336096465 -0.110336096465
30.8275946675 -0.01122016961 -0.1122016961
30.9050194304 -0.0110299704887 -0.110299704887
30.9825245603 -0.0106419729726 -0.106419729726
31.0601156693 -0.0100744328694 -0.100744328694
31.1377934884 -0.00945548147999 -0.0945548147999
31.2155554236 -0.00920275722654 -0.0920275722654
31.2934002221 -0.00944812826978 -0.0944812826978
31.3713260355 -0.00999036899797 -0.0999036899797
31.4493308747 -0.0105554433626 -0.105554433626
31.5274123059 -0.0109907499684 -0.109907499684
31.6055664267 -0.0111522545598 -0.111522545598
31.6837910047 -0.0108634461074 -0.108634461074
31.7620850384 -0.0101234710984 -0.101234710984
31.8404460735 -0.00914344310364 -0.0914344310364
31.918869049 -0.00837008874824 -0.0837008874824
31.9973483242 -0.00783463765195 -0.0783463765195
32.0 -0.00778811630432 -0.0778811630432
32.0785781753 -0.0076097988742 -0.076097988742
32.1571572114 -0.00786186622109 -0.0786186622109
32.2357805695 -0.00789156521509 -0.0789156521509
32.3144443099 -0.00777178580869 -0.0777178580869
32.3931458655 -0.00765360860186 -0.0765360860186
32.4718817893 -0.00745757220335 -0.0745757220335
32.550649242 -0.00722532330081 -0.0722532330081
32.6294459794 -0.00711847993485 -0.0711847993485
32.7082704654 -0.00716817754514 -0.0716817754514
32.7871214344 -0.0073573943563 -0.073573943563
32.8659981896 -0.0076020181131 -0.076020181131
32.9449008109 -0.00778267643579 -0.0778267643579
33.0238304285 -0.00778537104751 -0.0778537104751
33.1027888958 -0.00750005859781 -0.0750005859781
33.1817783334 -0.00710451163294 -0.0710451163294
33.2608013194 -0.0067135542165 -0.067135542165
33.3398609376 -0.00645592023464 -0.0645592023464
33.4189609705 -0.00666603215807 -0.0666603215807
33.4981052825 -0.00715924293729 -0.0715924293729
33.5772969343 -0.00775175983362 -0.0775175983362
33.6565383458 -0.00812418149924 -0.0812418149924
33.7358318631 -0.00821215056163 -0.0821215056163
33.8151802673 -0.00799070171045 -0.0799070171045
33.894586412 -0.0073976956991 -0.073976956991
33.9740526647 -0.00642681864074 -0.0642681864074
34.0535807891 -0.00558941269984 -0.0558941269984
34.1331721562 -0.00508122278728 -0.0508122278728
34.2128278116 -0.00487477213503 -0.0487477213503
34.2925483845 -0.0051119579835 -0.051119579835
34.3723341037 -0.00527771836774 -0.0527771836774
34.4521849177 -0.00548933232891 -0.0548933232891
34.5319947371 -0.00577200233932 -0.0577200233932
34.6117923041 -0.00590643249087 -0.0590643249087
34.6916137872 -0.00580445769641 -0.0580445769641
34.7713936481 -0.00579507583758 -0.0579507583758
34.8511724927 -0.005958981266 -0.05958981266
34.9309494376 -0.00613656001324 -0.0613656001324
35.0107721195 -0.00624783011977 -0.0624783011977
35.090609218 -0.00625755597486 -0.0625755597486
35.1704412982 -0.00611035373403 -0.0611035373403
35.2502384216 -0.005710411772 -0.05710411772
35.3300205501 -0.00507251675275 -0.0507251675275
35.4097916463 -0.0043905081568 -0.043905081568
35.4895937234 -0.00387764841274 -0.0387764841274
35.5694423773 -0.0039750515509 -0.039750515509
35.6492935319 -0.00441348589831 -0.0441348589831
35.7290910232 -0.0049606618613 -0.049606618613
35.8088009148 -0.00550086094664 -0.0550086094664
35.888506828 -0.0058488194166 -0.058488194166
35.9682234408 -0.00577077253286 -0.0577077253286
36.0 -0.00561491678179 -0.0561491678179
36.0796844845 -0.00519232386047 -0.0519232386047
36.1593652994 -0.00461111049789 -0.0461111049789
36.2390580533 -0.00388899559344 -0.0388899559344
36.3187584343 -0.00336205609757 -0.0336205609757
36.3984548009 -0.00328524521752 -0.0328524521752
36.4781814883 -0.00353171265983 -0.0353171265983
36.5579640886 -0.00387819984493 -0.0387819984493
36.6377809517 -0.00433048063334 -0.0433048063334
36.7175799602 -0.00478116750381 -0.0478116750381
36.7973399014 -0.00512930675299 -0.0512930675299
36.877102535 -0.00524551192051 -0.0524551192051
36.9568233378 -0.0052429986031 -0.052429986031
37.0365411877 -0.00526992688638 -0.0526992688638
37.1162994943 -0.00518725785705 -0.0518725785705
37.1961079788 -0.00500080846009 -0.0500080846009
37.2759133959 -0.00473933715865 -0.0473933715865
37.3556428122 -0.00438018528057 -0.0438018528057
37.4353559655 -0.00392655496293 -0.0392655496293
37.5150470425 -0.00344949069068 -0.0344949069068
37.5947300538 -0.00296314031889 -0.0296314031889
37.6744536102 -0.0026103257143 -0.026103257143
37.7542354609 -0.00252439599744 -0.0252439599744
37.8339970086 -0.00268109254708 -0.0268109254708
37.9137635 -0.00302907627036 -0.0302907627036
37.9935417975 -0.00349855243749 -0.0349855243749
38.073353501 -0.00400419808806 -0.0400419808806
38.1531662457 -0.00439354251692 -0.0439354251692
38.2329625248 -0.00460489879201 -0.0460489879201
38.3127681814 -0.00426869493889 -0.0426869493889
38.3925416729 -0.00377953397102 -0.0377953397102
38.4722766071 -0.0032640647067 -0.032640647067
38.5520210047 -0.00279595616178 -0.0279595616178
38.6317883317 -0.00247270049233 -0.0247270049233
38.7115750061 -0.00237205200445 -0.0237205200445
38.7913288508 -0.0027442170343 -0.027442170343
38.871074955 -0.00326297291007 -0.0326297291007
38.9508389145 -0.00388453586812 -0.0388453586812
39.0306250546 -0.00438222692976 -0.0438222692976
39.1103880186 -0.00467588722465 -0.0467588722465
39.1901323356 -0.00457160022399 -0.0457160022399
39.269900379 -0.00431914163711 -0.0431914163711
39.3496840537 -0.00401323149667 -0.0401323149667
39.4294922179 -0.00357005318463 -0.0357005318463
39.5093030312 -0.00302562177166 -0.0302562177166
39.5890951764 -0.00270242082022 -0.0270242082022
39.6688671346 -0.00244863941875 -0.0244863941875
39.7486555143 -0.00229128807599 -0.0229128807599
39.8284688715 -0.00214807660111 -0.0214807660111
39.908273942 -0.00199599297543 -0.0199599297543
39.9880909925 -0.00191951967734 -0.0191951967734
40.0 -0.00191015821244 -0.0191015821244
