0.0 0.0 0.0
0.0241757776491 0.0 0.0
0.0483515552982 0.0 0.0
0.0726677310062 0.0 0.0
0.0974107073691 0.0 0.0
0.122632451451 0.0 0.0
0.148276246984 0.0 0.0
0.174554183631 0.0 0.0
0.201251914175 0.0 0.0
0.228703871427 0.0 0.0
0.257446462863 0.0 0.0
0.288119409385 0.0 0.0
0.320483455956 0.0 0.0
0.354392974434 0.0 0.0
0.390368578877 0.0 0.0
0.428875012061 0.0 0.0
0.468175092346 0.0 0.0
0.50873726319 0.0 0.0
0.550182956578 0.0 0.0
0.593196886172 0.0 0.0
0.638646231967 0.0 0.0
0.684169753012 0.0 0.0
0.730393503003 0.0 0.0
0.777059857747 0.0 0.0
0.824687306035 0.0 0.0
0.872911978554 0.0 0.0
0.922077882177 0.0 0.0
0.971100881131 0.0 0.0
1.02072325616 0.0 0.0
1.07105032824 0.0 0.0
1.12056249739 0.0 0.0
1.16967365866 0.0 0.0
1.21905200069 0.0 0.0
1.26960391408 0.0 0.0
1.3199387087 0.0 0.0
1.37024014657 0.0 0.0
1.42058862838 0.0 0.0
1.47201312307 0.0 0.0
1.5234385454 0.0 0.0
1.57480959536 0.0 0.0
1.62644262979 0.0 0.0
1.67878070953 0.0 0.0
1.73196539222 0.0 0.0
1.78667389398 0.0 0.0
1.84171520004 0.0 0.0
1.89558842797 0.0 0.0
1.94989359332 0.0 0.0
2.00377833719 0.0 0.0
2.05740021623 0.0 0.0
2.11126600162 0.0 0.0
2.16518920586 0.0 0.0
2.21957667363 0.0 0.0
2.27456581167 0.0 0.0
2.32992401825 0.0 0.0
2.38465474257 0.0 0.0
2.43939828286 0.0 0.0
2.4941415058 0.0 0.0
2.54899172916 0.0 0.0
2.60497959425 0.0 0.0
2.66184703369 0.0 0.0
2.71819080436 0.0 0.0
2.77421573328 0.0 0.0
2.83039266893 0.0 0.0
2.88620483877 0.0 0.0
2.94285480047 0.0 0.0
2.99953585651 0.0 0.0
3.05633303879 0.0 0.0
3.11345566122 0.0 0.0
3.17096834843 0.0 0.0
3.2287141792 0.0 0.0
3.28669236269 0.0 0.0
3.34465150109 0.0 0.0
3.4027677778 0.0 0.0
3.4603486296 0.0 0.0
3.51819463086 0.0 0.0
3.57670200205 0.0 0.0
3.63503433612 0.0 0.0
3.69327224908 0.0 0.0
3.75206399146 0.0 0.0
3.81111587475 0.0 0.0
3.87101441729 0.0 0.0
3.93133396789 0.0 0.0
3.99103397059 0.0 0.0
4.0 0.0 0.0
4.05970432668 0.0 0.0
4.11955606517 0.0 0.0
4.17955475565 0.0 0.0
4.23993228176 0.0 0.0
4.30032887064 0.0 0.0
4.36068058305 0.0 0.0
4.42118193346 0.0 0.0
4.48137984214 0.0 0.0
4.54197734167 0.0 0.0
4.60252069972 0.0 0.0
4.66310860186 0.0 0.0
4.72433849132 0.0 0.0
4.78596687034 0.0 0.0
4.84797717706 0.0 0.0
4.91007555801 0.0 0.0
4.97212451567 0.0 0.0
5.03386115475 0.0 0.0
5.09539349418 0.0 0.0
5.15750241612 0.0 0.0
5.21998970654 0.0 0.0
5.28266152055 0.0 0.0
5.3450324054 0.0 0.0
5.40738933751 0.0 0.0
5.47001739007 0.0 0.0
5.5325809011 0.0 0.0
5.59517446646 0.0 0.0
5.65783888101 0.0 0.0
5.72108332415 0.0 0.0
5.78475222808 0.0 0.0
5.84875171987 0.0 0.0
5.91246715095 0.0 0.0
5.97621363285 0.0 0.0
6.03953538003 0.0 0.0
6.103032844 0.0 0.0
6.16711556847 0.0 0.0
6.23138915105 0.0 0.0
6.29603503157 0.0 0.0
6.36041355899 0.0 0.0
6.42452942657 0.0 0.0
6.48881038826 0.0 0.0
6.55337606844 0.0 0.0
6.61789464959 0.0 0.0
6.68252042413 0.0 0.0
6.74761903279 0.0 0.0
6.81302770374 0.0 0.0
6.87814512469 0.0 0.0
6.94319620557 0.0 0.0
7.00840473903 0.0 0.0
7.0734065104 0.0 0.0
7.13870726817 0.0 0.0
7.20445852895 0.0 0.0
7.27021196011 0.0 0.0
7.33611120432 0.0 0.0
7.40210110549 0.0 0.0
7.467823212 0.0 0.0
7.53364451554 0.0 0.0
7.59980071821 0.0 0.0
7.6659128757 0.0 0.0
7.7321585657 0.0 0.0
7.79883373668 0.0 0.0
7.86543129605 0.0 0.0
7.93183629087 0.0 0.0
7.99837275428 0.0 0.0
8.0 0.0 0.0
8.06672248919 0.0 0.0
8.1334699438 0.0 0.0
8.20053688019 0.0 0.0
8.26777963843 0.0 0.0
8.33489470951 0.0 0.0
8.40187998847 0.0 0.0
8.4690435303 0.0 0.0
8.53619867866 0.0 0.0
8.60344453079 0.0 0.0
8.67097033378 0.0 0.0
8.7384862974 0.0 0.0
8.80609628313 0.0 0.0
8.8737929912 0.0 0.0
8.94149823836 0.0 0.0
9.00922017743 0.0 0.0
9.0771646569 0.0 0.0
9.14517307398 0.0 0.0
9.21344083461 0.0 0.0
9.281902862 0.0 0.0
9.35011101829 0.0 0.0
9.41814692647 0.0 0.0
9.4863291456 0.0 0.0
9.55462089008 0.0 0.0
9.62298168132 0.0 0.0
9.69138582345 0.0 0.0
9.7599018438 0.0 0.0
9.82863125743 0.0 0.0
9.89734705932 0.0 0.0
9.96607746621 0.0 0.0
10.03486433 0.0 0.0
10.103778393 0.0 0.0
10.1728622889 0.0 0.0
10.2419194446 0.0 0.0
10.3109018512 2.22044604925e-16 2.22044604925e-15
10.3798810419 4.4408920985e-16 4.4408920985e-15
10.4489568456 6.66133814775e-16 6.66133814775e-15
10.5181485411 8.881784197e-16 8.881784197e-15
10.5873618582 1.99840144433e-15 1.99840144433e-14
10.6566397137 3.77475828373e-15 3.77475828373e-14
10.7261220443 7.32747196253e-15 7.32747196253e-14
10.7957206426 1.42108547152e-14 1.42108547152e-13
10.8653011516 2.6645352591e-14 2.6645352591e-13
10.9348514311 5.01820807131e-14 5.01820807131e-13
11.0044609642 9.43689570931e-14 9.43689570931e-13
11.0740405278 1.74749104076e-13 1.74749104076e-12
11.1436197804 3.22186721746e-13 3.22186721746e-12
11.2132683559 5.88862292261e-13 5.88862292261e-12
11.283005711 1.07003295113e-12 1.07003295113e-11
11.3528908689 1.9342305535e-12 1.9342305535e-11
11.4228574607 3.47499806708e-12 3.47499806708e-11
11.4927892569 6.19859719109e-12 6.19859719109e-11
11.5627712194 1.09825482042e-11 1.09825482042e-10
11.632930901 1.93467464271e-11 1.93467464271e-10
11.7033063978 3.3895553031e-11 3.3895553031e-10
11.7735987111 5.89084336866e-11 5.89084336866e-10
11.843783374 1.01437303002e-10 1.01437303002e-09
11.9139350009 1.73260739089e-10 1.73260739089e-09
11.9841349833 2.93842727928e-10 2.93842727928e-09
12.0 3.33007621478e-10 3.33007621478e-09
12.070294688 5.41040989788e-10 5.41040989788e-09
12.1406133884 9.17999676275e-10 9.17999676275e-09
12.2110311502 1.5431660394e-09 1.5431660394e-08
12.2816122092 2.53985366072e-09 2.53985366072e-08
12.3522703317 4.1632703951e-09 4.1632703951e-08
12.4228747898 6.78414813216e-09 6.78414813216e-08
12.4935063889 1.09336713017e-08 1.09336713017e-07
12.5642370156 1.75809828917e-08 1.75809828917e-07
12.6348901865 2.79924097235e-08 2.79924097235e-07
12.7055475286 4.41533050122e-08 4.41533050122e-07
12.7762617071 6.9216385068e-08 6.9216385068e-07
12.8470288223 1.07628868262e-07 1.07628868262e-06
12.917928421 1.66258420586e-07 1.66258420586e-06
12.9888373186 2.55352737177e-07 2.55352737177e-06
13.0597536141 3.89470302675e-07 3.89470302675e-06
13.1307715787 5.9032309685e-07 5.9032309685e-06
13.2019772841 8.89453195763e-07 8.89453195763e-06
13.273316701 1.33367434141e-06 1.33367434141e-05
13.3445722124 1.9894754808e-06 1.9894754808e-05
13.4157440783 2.95288061003e-06 2.95288061003e-05
13.4868817 4.36795133485e-06 4.36795133485e-05
13.5580615778 6.45190187698e-06 6.45190187698e-05
13.6293305454 9.53083722877e-06 9.53083722877e-05
13.7006136241 1.4100205469e-05 0.00014100205469
13.7719844768 2.09568883582e-05 0.000209568883582
13.8435027059 3.1401192593e-05 0.00031401192593
13.9150049343 4.75292890143e-05 0.000475292890143
13.9864955059 7.27541478696e-05 0.000727541478696
14.0580550599 0.000112651605682 0.00112651605682
14.129722585 0.0001762453439 0.001762453439
14.2013083616 0.000277442544412 0.00277442544412
14.2728774197 0.000437580599332 0.00437580599332
14.3444850785 0.000688302428893 0.00688302428893
14.4161565468 0.00107324357134 0.0107324357134
14.4879368552 0.00165363767913 0.0165363767913
14.5597136441 0.00250574635754 0.0250574635754
14.6315232313 0.00372053730859 0.0372053730859
14.7034410828 0.00539646399859 0.0539646399859
14.7754752058 0.00762381421523 0.0762381421523
14.8475512716 0.0104868973321 0.104868973321
14.9195771533 0.014066033416 0.14066033416
14.9915946411 0.0184420854866 0.184420854866
15.0635798765 0.0237735596337 0.237735596337
15.1355974651 0.030134194846 0.30134194846
15.2076814294 0.0374902180632 0.374902180632
15.2797850303 0.0458790681859 0.458790681859
15.3519768882 0.0554036257314 0.554036257314
15.4242762546 0.0659448893716 0.659448893716
15.4965416863 0.0774407411345 0.774407411345
15.5688326334 0.089678585857 0.89678585857
15.6412189299 0.102332576046 1.02332576046
15.7136582577 0.114766671682 1.14766671682
15.7860284312 0.127188853049 1.27188853049
15.8583841635 0.139202207411 1.39202207411
15.9307741554 0.150468801231 1.50468801231
16.0 0.160313698176 1.60313698176
16.0725413634 0.169287234951 1.69287234951
16.1450721034 0.177438730798 1.77438730798
16.2176385697 0.183443262056 1.83443262056
16.2903166622 0.188062286974 1.88062286974
16.3630836171 0.191310882452 1.91310882452
16.4358146867 0.192616131713 1.92616131713
16.5085501082 0.192818069699 1.92818069699
16.5812946483 0.191768612635 1.91768612635
16.6540116628 0.189270362732 1.89270362732
16.7267589092 0.185553678895 1.85553678895
16.7995590386 0.180734980454 1.80734980454
16.8723857653 0.174723321751 1.74723321751
16.9452983305 0.167835381724 1.67835381724
17.0182563114 0.1602720997 1.602720997
17.0912047008 0.151989462562 1.51989462562
17.1641995273 0.143232033282 1.43232033282
17.2373000795 0.134496598962 1.34496598962
17.3104099455 0.126049286851 1.26049286851
17.3834624286 0.117533905047 1.17533905047
17.4565040302 0.109356965637 1.09356965637
17.5295773403 0.101218167941 1.01218167941
17.6027004912 0.0929427946207 0.929427946207
17.6758807528 0.0848826693721 0.848826693721
17.7490636574 0.0771841567142 0.771841567142
17.8223019449 0.0702279861539 0.702279861539
17.8956256745 0.0636268004375 0.636268004375
17.9689754307 0.057349512322 0.57349512322
18.0423135772 0.0516663665351 0.516663665351
18.1156914711 0.0464374038411 0.464374038411
18.189062779 0.0416200990442 0.416200990442
18.2624165829 0.0379221280412 0.379221280412
18.3357995306 0.0350670508245 0.350670508245
18.4092192636 0.0328325849825 0.328325849825
18.4826774974 0.0313697713524 0.313697713524
18.556213845 0.0306035627716 0.306035627716
18.6297470714 0.0303659699758 0.303659699758
18.7033006024 0.0307544669777 0.307544669777
18.7769258733 0.0317036814061 0.317036814061
18.8506250569 0.0329738035914 0.329738035914
18.9243107473 0.0342512911678 0.342512911678
18.9979503991 0.0353844283796 0.353844283796
19.0715910278 0.0364745771592 0.364745771592
19.1452658493 0.0374880273554 0.374880273554
19.2189855516 0.0382717924437 0.382717924437
19.2927293851 0.0386834325038 0.386834325038
19.3664971518 0.0386205599522 0.386205599522
19.4403389636 0.0380424860862 0.380424860862
19.5142338521 0.0366005565896 0.366005565896
19.5881075875 0.0343667680909 0.343667680909
19.6620062245 0.0313867824689 0.313867824689
19.7359664955 0.027678230736 0.27678230736
19.8098841733 0.0233254880858 0.233254880858
19.8837994167 0.0186466415926 0.186466415926
19.957747126 0.0137887382871 0.137887382871
20.0 0.0108094002122 0.108094002122
20.0740255363 0.0065667891086 0.065667891086
20.1480741918 0.00094279280372 0.0094279280372
20.2221252285 -0.00403722485452 -0.0403722485452
20.29620896 -0.00834799769718 -0.0834799769718
20.3703604183 -0.0125010329321 -0.125010329321
20.4445531425 -0.0164358646478 -0.164358646478
20.5187522544 -0.0198912383437 -0.198912383437
20.592913715 -0.023060313624 -0.23060313624
20.6670763701 -0.0258207214369 -0.258207214369
20.7412559069 -0.02802702977 -0.2802702977
20.8154770276 -0.0298347722832 -0.298347722832
20.8897216973 -0.0314472894269 -0.314472894269
20.9639960764 -0.0329325017972 -0.329325017972
21.0383247086 -0.0342412364062 -0.342412364062
21.1126832961 -0.0354350750555 -0.354350750555
21.1870385142 -0.0366441969016 -0.366441969016
21.2614303667 -0.0380070844171 -0.380070844171
21.3358738187 -0.0395767007711 -0.395767007711
21.4102839965 -0.0413623886982 -0.413623886982
21.4846894564 -0.0433778937481 -0.433778937481
21.5591222298 -0.0456287734457 -0.456287734457
21.6335753883 -0.0481065862402 -0.481065862402
21.708077623 -0.0507628507711 -0.507628507711
21.7825963466 -0.0535301400024 -0.535301400024
21.8571242271 -0.0563382108379 -0.563382108379
21.9317032487 -0.0590879589684 -0.590879589684
22.0063269087 -0.0616656363781 -0.616656363781
22.0809640521 -0.0639642377731 -0.639642377731
22.155601577 -0.0658927034213 -0.658927034213
22.2302238132 -0.067375088741 -0.67375088741
22.3048583801 -0.0685234147529 -0.685234147529
22.3795167073 -0.0692509170524 -0.692509170524
22.454211666 -0.0694626452891 -0.694626452891
22.5289126524 -0.0692254802348 -0.692254802348
22.6036596304 -0.0685796188027 -0.685796188027
22.6784417665 -0.0675668681851 -0.675668681851
22.7532196768 -0.0662532363521 -0.662532363521
22.8280252137 -0.0646687901289 -0.646687901289
22.9028827522 -0.0628058675043 -0.628058675043
22.9777467414 -0.0607566301666 -0.607566301666
23.0525835931 -0.0585836673256 -0.585836673256
23.1274336918 -0.0563358014791 -0.563358014791
23.2023051767 -0.0540478940147 -0.540478940147
23.2772026856 -0.0517146807321 -0.517146807321
23.3521387775 -0.0494320308422 -0.494320308422
23.4270733469 -0.0473044019353 -0.473044019353
23.5020447423 -0.0454121429753 -0.454121429753
23.5770557435 -0.0437793672457 -0.437793672457
23.6520806023 -0.0423164979109 -0.423164979109
23.727105556 -0.0410225148588 -0.410225148588
23.802148349 -0.039883302045 -0.39883302045
23.8771813466 -0.0389180954553 -0.389180954553
23.9522337062 -0.0381030868959 -0.381030868959
24.0 -0.0377667535519 -0.377667535519
24.0750916689 -0.0368208094961 -0.368208094961
24.1502040301 -0.0359625392927 -0.359625392927
24.2253504948 -0.034938802769 -0.34938802769
24.3005043417 -0.0338007836976 -0.338007836976
24.375666923 -0.03250643175 -0.3250643175
24.4508738714 -0.0311230392928 -0.311230392928
24.5261030694 -0.0294544708283 -0.294544708283
24.6013416657 -0.0275241196885 -0.275241196885
24.6765663716 -0.0255445709273 -0.255445709273
24.7517987584 -0.0236986853824 -0.236986853824
24.8270464581 -0.0220099079318 -0.220099079318
24.9023302881 -0.020525717449 -0.20525717449
24.9776232971 -0.0193175937216 -0.193175937216
25.0529293613 -0.0185028551633 -0.185028551633
25.12826552 -0.0182574576833 -0.182574576833
25.203629574 -0.0183287749867 -0.183287749867
25.2790523858 -0.0186534300418 -0.186534300418
25.3544678702 -0.0192370033543 -0.192370033543
25.4298729041 -0.0199728570557 -0.199728570557
25.5052750085 -0.0207736917052 -0.207736917052
25.5806942841 -0.0216440319776 -0.216440319776
25.6561278378 -0.0226730726587 -0.226730726587
25.7315693496 -0.0237954976939 -0.237954976939
25.8070419871 -0.0249537220083 -0.249537220083
25.882527315 -0.0260282940612 -0.260282940612
25.9580607777 -0.0269420450923 -0.269420450923
26.0336651821 -0.0276285563385 -0.276285563385
26.1092492749 -0.0280439660926 -0.280439660926
26.1848344946 -0.0281049205983 -0.281049205983
26.2604087447 -0.0279195000089 -0.279195000089
26.3359840816 -0.0274584094086 -0.274584094086
26.4115565011 -0.0266826314332 -0.266826314332
26.487147518 -0.0255492159943 -0.255492159943
26.5627587529 -0.0240556322018 -0.240556322018
26.6383930611 -0.0224269051352 -0.224269051352
26.7140831405 -0.0207207500367 -0.207207500367
26.7898496774 -0.0189947075712 -0.189947075712
26.8655894648 -0.0172552773419 -0.172552773419
26.9413183801 -0.0155661267607 -0.155661267607
27.0170437669 -0.0140515901515 -0.140515901515
27.0927610176 -0.01281941593 -0.1281941593
27.1684734463 -0.0120703931391 -0.120703931391
27.2442026467 -0.0116605736919 -0.116605736919
27.3199493579 -0.0115442845237 -0.115442845237
27.3957196906 -0.011732162141 -0.11732162141
27.4715412499 -0.0123627674652 -0.123627674652
27.5474407579 -0.0133209006258 -0.133209006258
27.6233238137 -0.01435823575 -0.1435823575
27.6991904631 -0.0153678156822 -0.153678156822
27.7750500366 -0.0163789842652 -0.163789842652
27.8509107086 -0.0173659617555 -0.173659617555
27.9267587495 -0.0181979510347 -0.181979510347
28.0 -0.0187337917642 -0.187337917642
28.0758798373 -0.0190979363529 -0.190979363529
28.1517727019 -0.0193073197293 -0.193073197293
28.2277026791 -0.0193469877109 -0.193469877109
28.3036982944 -0.019172788781 -0.19172788781
28.3797124318 -0.0187519048205 -0.187519048205
28.4557016243 -0.0179738696343 -0.179738696343
28.5316736239 -0.0170005033308 -0.170005033308
28.6076456875 -0.0160521072374 -0.160521072374
28.6835955857 -0.0150999565797 -0.150999565797
28.7595450916 -0.0141382465219 -0.141382465219
28.8355094663 -0.01323633337 -0.1323633337
28.9114783293 -0.0125020335299 -0.125020335299
28.9874726538 -0.0118427942925 -0.118427942925
29.063521165 -0.0112377904647 -0.112377904647
29.1396510066 -0.0106709186285 -0.106709186285
29.21585716 -0.0101757690471 -0.101757690471
29.2920538682 -0.00996652048225 -0.0996652048225
29.368260064 -0.00993203939546 -0.0993203939546
29.4445015266 -0.0100311600342 -0.100311600342
29.5207904814 -0.0103169642389 -0.103169642389
29.5970939362 -0.0108751819957 -0.108751819957
29.6734358936 -0.0115943951778 -0.115943951778
29.7498431899 -0.0123118968619 -0.123118968619
29.8263333675 -0.0129908343786 -0.129908343786
29.902920452 -0.0135499364259 -0.135499364259
29.9796196416 -0.0139537757696 -0.139537757696
30.0564465744 -0.0142173664548 -0.142173664548
30.1334091057 -0.0143037093724 -0.143037093724
30.2103980332 -0.0141683843142 -0.141683843142
30.2873959693 -0.0138370054227 -0.138370054227
30.3644204498 -0.0132876328101 -0.132876328101
30.4414818206 -0.0125075083419 -0.125075083419
30.51858734 -0.011546686531 -0.11546686531
30.5957442314 -0.0104843411075 -0.104843411075
30.6729610756 -0.00946701498425 -0.0946701498425
30.7502434107 -0.00861922349979 -0.0861922349979
30.8275946675 -0.00797969726008 -0.0797969726008
30.9050194304 -0.00758960257322 -0.0758960257322
30.9825245603 -0.00763914963662 -0.0763914963662
31.0601156693 -0.00817823708409 -0.0817823708409
31.1377934884 -0.00896952991936 -0.0896952991936
31.2155554236 -0.00971163743153 -0.0971163743153
31.2934002221 -0.0104114666515 -0.104114666515
31.3713260355 -0.0110843251229 -0.110843251229
31.4493308747 -0.0117476457101 -0.117476457101
31.5274123059 -0.0123478288588 -0.123478288588
31.6055664267 -0.0128700856827 -0.128700856827
31.6837910047 -0.0134281940547 -0.134281940547
31.7620850384 -0.0141013984114 -0.141013984114
31.8404460735 -0.0149362802564 -0.149362802564
31.918869049 -0.0158498216208 -0.158498216208
31.9973483242 -0.0167473449223 -0.167473449223
32.0 -0.0167736512128 -0.167736512128
32.0785781753 -0.0176494788884 -0.176494788884
32.1571572114 -0.018492925761 -0.18492925761
32.2357805695 -0.0192527903995 -0.192527903995
32.3144443099 -0.0198867886267 -0.198867886267
32.3931458655 -0.0203616463088 -0.203616463088
32.4718817893 -0.0207106851612 -0.207106851612
32.550649242 -0.0209855226737 -0.209855226737
32.6294459794 -0.0210607491551 -0.210607491551
32.7082704654 -0.0210354689324 -0.210354689324
32.7871214344 -0.0210627454361 -0.210627454361
32.8659981896 -0.0212034852062 -0.212034852062
32.9449008109 -0.0214780297794 -0.214780297794
33.0238304285 -0.0219835422062 -0.219835422062
33.1027888958 -0.0229098666809 -0.229098666809
33.1817783334 -0.024128717213 -0.24128717213
33.2608013194 -0.0254954260683 -0.254954260683
33.3398609376 -0.0268679216399 -0.268679216399
33.4189609705 -0.0280674986632 -0.280674986632
33.4981052825 -0.029031525222 -0.29031525222
33.5772969343 -0.0296642806749 -0.296642806749
33.6565383458 -0.0298218600392 -0.298218600392
33.7358318631 -0.0295736430951 -0.295736430951
33.8151802673 -0.0289625639014 -0.289625639014
33.894586412 -0.0280921996426 -0.280921996426
33.9740526647 -0.0270424507052 -0.270424507052
34.0535807891 -0.0258983514484 -0.258983514484
34.1331721562 -0.0247304039949 -0.247304039949
34.2128278116 -0.0236370078872 -0.236370078872
34.2925483845 -0.0226248048962 -0.226248048962
34.3723341037 -0.0216477164532 -0.216477164532
34.4521849177 -0.0207615941732 -0.207615941732
34.5319947371 -0.0199784591435 -0.199784591435
34.6117923041 -0.0191787519269 -0.191787519269
34.6916137872 -0.0182677182277 -0.182677182277
34.7713936481 -0.0173134854585 -0.173134854585
34.8511724927 -0.0163643269077 -0.163643269077
34.9309494376 -0.0154953298625 -0.154953298625
35.0107721195 -0.0148562148152 -0.148562148152
35.090609218 -0.0145449864241 -0.145449864241
35.1704412982 -0.0145448813177 -0.145448813177
35.2502384216 -0.014734961819 -0.14734961819
35.3300205501 -0.0153695043554 -0.153695043554
35.4097916463 -0.0164495688268 -0.164495688268
35.4895937234 -0.0175494632569 -0.175494632569
35.5694423773 -0.0185068408836 -0.185068408836
35.6492935319 -0.0193581721976 -0.193581721976
35.7290910232 -0.0200548436186 -0.200548436186
35.8088009148 -0.0204333847613 -0.204333847613
35.888506828 -0.0204592800152 -0.204592800152
35.9682234408 -0.0201223224437 -0.201223224437
36.0 -0.0199013830048 -0.199013830048
36.0796844845 -0.0190024516209 -0.190024516209
36.1593652994 -0.0179060594919 -0.179060594919
36.2390580533 -0.0167738254339 -0.167738254339
36.3187584343 -0.0157476021316 -0.157476021316
36.3984548009 -0.0149342256862 -0.149342256862
36.4781814883 -0.0141665979839 -0.141665979839
36.5579640886 -0.0135433893788 -0.135433893788
36.6377809517 -0.0131424060406 -0.131424060406
36.7175799602 -0.0129892849136 -0.129892849136
36.7973399014 -0.012860330429 -0.12860330429
36.877102535 -0.0125733904765 -0.125733904765
36.9568233378 -0.01216530095 -0.1216530095
37.0365411877 -0.0116913926444 -0.116913926444
37.1162994943 -0.0112082837561 -0.112082837561
37.1961079788 -0.0107309249759 -0.107309249759
37.2759133959 -0.0102684439693 -0.102684439693
37.3556428122 -0.00987439873825 -0.0987439873825
37.4353559655 -0.0097684553107 -0.097684553107
37.5150470425 -0.00975621824011 -0.0975621824011
37.5947300538 -0.00986666011956 -0.0986666011956
37.6744536102 -0.0100175992098 -0.100175992098
37.7542354609 -0.0100942494671 -0.100942494671
37.8339970086 -0.0100851633405 -0.100851633405
37.9137635 -0.00993157046711 -0.0993157046711
37.9935417975 -0.00960386506769 -0.0960386506769
38.073353501 -0.00913890593668 -0.0913890593668
38.1531662457 -0.00841123328452 -0.0841123328452
38.2329625248 -0.00739618972692 -0.0739618972692
38.3127681814 -0.00629594246076 -0.0629594246076
38.3925416729 -0.00529295607348 -0.0529295607348
38.4722766071 -0.00435856769952 -0.0435856769952
38.5520210047 -0.00350800015239 -0.0350800015239
38.6317883317 -0.00281007260162 -0.0281007260162
38.7115750061 -0.00244548737812 -0.0244548737812
38.7913288508 -0.00237428602401 -0.0237428602401
38.871074955 -0.00241869238521 -0.0241869238521
38.9508389145 -0.00267918408889 -0.0267918408889
39.0306250546 -0.00303690174687 -0.0303690174687
39.1103880186 -0.0032580982571 -0.032580982571
39.1901323356 -0.00341224707728 -0.0341224707728
39.269900379 -0.00355796451939 -0.0355796451939
39.3496840537 -0.00357882390853 -0.0357882390853
39.4294922179 -0.00343089395481 -0.0343089395481
39.5093030312 -0.0032486940634 -0.032486940634
39.5890951764 -0.00303182136675 -0.0303182136675
39.6688671346 -0.00275235935822 -0.0275235935822
39.7486555143 -0.00253308479982 -0.0253308479982
39.8284688715 -0.00236674459988 -0.0236674459988
39.908273942 -0.00222031925232 -0.0222031925232
39.9880909925 -0.00202307962722 -0.0202307962722
40.0 -0.00200184941113 -0.0200184941113
