0.0 9.95012479193 99.5012479193
0.0241757776491 9.82404098745 98.2404098745
0.0483515552982 9.45384589046 94.5384589046
0.0726677310062 8.93533114965 89.3533114965
0.0974107073691 8.52650344828 85.2650344828
0.122632451451 8.26824384541 82.6824384541
0.148276246984 7.97906846415 79.7906846415
0.174554183631 7.49245679532 74.9245679532
0.201251914175 6.74690322512 67.4690322512
0.228703871427 5.80250671416 58.0250671416
0.257446462863 4.85667730848 48.5667730848
0.288119409385 4.04182172941 40.4182172941
0.320483455956 3.39305102263 33.9305102263
0.354392974434 2.88881638223 28.8881638223
0.390368578877 2.47580335043 24.7580335043
0.428875012061 2.08957309495 20.8957309495
0.468175092346 1.70594950844 17.0594950844
0.50873726319 1.32127232898 13.2127232898
0.550182956578 0.971828639145 9.71828639145
0.593196886172 0.666958983093 6.66958983093
0.638646231967 0.40472872664 4.0472872664
0.684169753012 0.192923337672 1.92923337672
0.730393503003 0.0196862174794 0.196862174794
0.777059857747 -0.121509834216 -1.21509834216
0.824687306035 -0.237878650094 -2.37878650094
0.872911978554 -0.332766235941 -3.32766235941
0.922077882177 -0.409942685783 -4.09942685783
0.971100881131 -0.470922270886 -4.70922270886
1.02072325616 -0.520236782417 -5.20236782417
1.07105032824 -0.560512902142 -5.60512902142
1.12056249739 -0.592182829944 -5.92182829944
1.16967365866 -0.617971315994 -6.17971315994
1.21905200069 -0.639675864398 -6.39675864398
1.26960391408 -0.658667920977 -6.58667920977
1.3199387087 -0.675365625144 -6.75365625144
1.37024014657 -0.690332997205 -6.90332997205
1.42058862838 -0.703660237537 -7.03660237537
1.47201312307 -0.715143945984 -7.15143945984
1.5234385454 -0.724434602325 -7.24434602325
1.57480959536 -0.73167369612 -7.3167369612
1.62644262979 -0.737062384686 -7.37062384686
1.67878070953 -0.740765852719 -7.40765852719
1.73196539222 -0.742501588305 -7.42501588305
1.78667389398 -0.742594626654 -7.42594626654
1.84171520004 -0.740941459597 -7.40941459597
1.89558842797 -0.738042237119 -7.38042237119
1.94989359332 -0.733402837761 -7.33402837761
2.00377833719 -0.726908799636 -7.26908799636
2.05740021623 -0.718240392149 -7.18240392149
2.11126600162 -0.708418802359 -7.08418802359
2.16518920586 -0.698573571659 -6.98573571659
2.21957667363 -0.689060795296 -6.89060795296
2.27456581167 -0.682109370252 -6.82109370252
2.32992401825 -0.676991769142 -6.76991769142
2.38465474257 -0.674205634685 -6.74205634685
2.43939828286 -0.673252541778 -6.73252541778
2.4941415058 -0.673613164215 -6.73613164215
2.54899172916 -0.676362615587 -6.76362615587
2.60497959425 -0.681230056186 -6.81230056186
2.66184703369 -0.688658944849 -6.88658944849
2.71819080436 -0.698200334942 -6.98200334942
2.77421573328 -0.706266444289 -7.06266444289
2.83039266893 -0.712556713483 -7.12556713483
2.88620483877 -0.717187501273 -7.17187501273
2.94285480047 -0.719459741626 -7.19459741626
2.99953585651 -0.719810145714 -7.19810145714
3.05633303879 -0.718262049472 -7.18262049472
3.11345566122 -0.714638643391 -7.14638643391
3.17096834843 -0.704456485371 -7.04456485371
3.2287141792 -0.684622221771 -6.84622221771
3.28669236269 -0.653537429095 -6.53537429095
3.34465150109 -0.608537494928 -6.08537494928
3.4027677778 -0.554159555027 -5.54159555027
3.4603486296 -0.498514714893 -4.98514714893
3.51819463086 -0.455347566731 -4.55347566731
3.57670200205 -0.421457755838 -4.21457755838
3.63503433612 -0.396686261344 -3.96686261344
3.69327224908 -0.371383298794 -3.71383298794
3.75206399146 -0.342562874978 -3.42562874978
3.81111587475 -0.30702062678 -3.0702062678
3.87101441729 -0.26485850353 -2.6485850353
3.93133396789 -0.216128567314 -2.16128567314
3.99103397059 -0.163731448166 -1.63731448166
4.0 -0.154919184439 -1.54919184439
4.05970432668 -0.099672431601 -0.99672431601
4.11955606517 -0.0513978741738 -0.513978741738
4.17955475565 -0.0119801788495 -0.119801788495
4.23993228176 0.01787223773 0.1787223773
4.30032887064 0.0391007695935 0.391007695935
4.36068058305 0.0496258127073 0.496258127073
4.42118193346 0.0435769119443 0.435769119443
4.48137984214 0.0262783029962 0.262783029962
4.54197734167 -0.00207919904024 -0.0207919904024
4.60252069972 -0.037099794254 -0.37099794254
4.66310860186 -0.0728875931727 -0.728875931727
4.72433849132 -0.107695952924 -1.07695952924
4.78596687034 -0.137306886351 -1.37306886351
4.84797717706 -0.167982360947 -1.67982360947
4.91007555801 -0.203296115915 -2.03296115915
4.97212451567 -0.244229331209 -2.44229331209
5.03386115475 -0.288230725073 -2.88230725073
5.09539349418 -0.329861736565 -3.29861736565
5.15750241612 -0.361760709769 -3.61760709769
5.21998970654 -0.381714088314 -3.81714088314
5.28266152055 -0.389442609537 -3.89442609537
5.3450324054 -0.387655905416 -3.87655905416
5.40738933751 -0.376091616297 -3.76091616297
5.47001739007 -0.354273345352 -3.54273345352
5.5325809011 -0.320930182228 -3.20930182228
5.59517446646 -0.274995883374 -2.74995883374
5.65783888101 -0.220866805865 -2.20866805865
5.72108332415 -0.165906107494 -1.65906107494
5.78475222808 -0.111904226845 -1.11904226845
5.84875171987 -0.0614312100537 -0.614312100537
5.91246715095 -0.0175853419414 -0.175853419414
5.97621363285 0.0180802707755 0.180802707755
6.03953538003 0.0471743673314 0.471743673314
6.103032844 0.0725907304344 0.725907304344
6.16711556847 0.0936923457788 0.936923457788
6.23138915105 0.105781087053 1.05781087053
6.29603503157 0.103925297814 1.03925297814
6.36041355899 0.0916581973699 0.916581973699
6.42452942657 0.0728129474477 0.728129474477
6.48881038826 0.0472195374364 0.472195374364
6.55337606844 0.0142821045183 0.142821045183
6.61789464959 -0.025940571408 -0.25940571408
6.68252042413 -0.0737745260106 -0.737745260106
6.74761903279 -0.126059542631 -1.26059542631
6.81302770374 -0.174928180374 -1.74928180374
6.87814512469 -0.214299118694 -2.14299118694
6.94319620557 -0.242421932102 -2.42421932102
7.00840473903 -0.259656049135 -2.59656049135
7.0734065104 -0.265998477209 -2.65998477209
7.13870726817 -0.26239619813 -2.6239619813
7.20445852895 -0.24565522262 -2.4565522262
7.27021196011 -0.213905669707 -2.13905669707
7.33611120432 -0.175981113435 -1.75981113435
7.40210110549 -0.140108505459 -1.40108505459
7.467823212 -0.113868212746 -1.13868212746
7.53364451554 -0.0913817466139 -0.913817466139
7.59980071821 -0.0702176716273 -0.702176716273
7.6659128757 -0.0488346017672 -0.488346017672
7.7321585657 -0.0280109758675 -0.280109758675
7.79883373668 -0.00851490130253 -0.0851490130253
7.86543129605 0.00936089384126 0.0936089384126
7.93183629087 0.0251199050907 0.251199050907
7.99837275428 0.0369462383205 0.369462383205
8.0 0.0371722333326 0.371722333326
8.06672248919 0.0436031027248 0.436031027248
8.1334699438 0.0447283407039 0.447283407039
8.20053688019 0.0432017972759 0.432017972759
8.26777963843 0.0389390322328 0.389390322328
8.33489470951 0.0300720133321 0.300720133321
8.40187998847 0.015429244189 0.15429244189
8.4690435303 -0.00551964037031 -0.0551964037031
8.53619867866 -0.0328873689978 -0.328873689978
8.60344453079 -0.0666634676113 -0.666634676113
8.67097033378 -0.102356773055 -1.02356773055
8.7384862974 -0.132216433116 -1.32216433116
8.80609628313 -0.151897735294 -1.51897735294
8.8737929912 -0.161001726579 -1.61001726579
8.94149823836 -0.162208335482 -1.62208335482
9.00922017743 -0.158015097471 -1.58015097471
9.0771646569 -0.148020483648 -1.48020483648
9.14517307398 -0.131509961963 -1.31509961963
9.21344083461 -0.110960332558 -1.10960332558
9.281902862 -0.0936840762636 -0.936840762636
9.35011101829 -0.0819364934291 -0.819364934291
9.41814692647 -0.0741456063521 -0.741456063521
9.4863291456 -0.0653598705914 -0.653598705914
9.55462089008 -0.0530463168686 -0.530463168686
9.62298168132 -0.0363514329282 -0.363514329282
9.69138582345 -0.0158912366665 -0.158912366665
9.7599018438 0.00587973301959 0.0587973301959
9.82863125743 0.025346955177 0.25346955177
9.89734705932 0.0373812693804 0.373812693804
9.96607746621 0.0395763861648 0.395763861648
10.03486433 0.0355013299617 0.355013299617
10.103778393 0.0273544465312 0.273544465312
10.1728622889 0.0151351603594 0.151351603594
10.2419194446 0.000451837915667 0.00451837915667
10.3109018512 -0.0133101498387 -0.133101498387
10.3798810419 -0.0265334722589 -0.265334722589
10.4489568456 -0.0391413559925 -0.391413559925
10.5181485411 -0.0492619591819 -0.492619591819
10.5873618582 -0.056263763653 -0.56263763653
10.6566397137 -0.0616835173062 -0.616835173062
10.7261220443 -0.0671257437866 -0.671257437866
10.7957206426 -0.0727948566932 -0.727948566932
10.8653011516 -0.0775840023352 -0.775840023352
10.9348514311 -0.0816104470603 -0.816104470603
11.0044609642 -0.085218421137 -0.85218421137
11.0740405278 -0.0879474755874 -0.879474755874
11.1436197804 -0.0882996713056 -0.882996713056
11.2132683559 -0.0846639716984 -0.846639716984
11.283005711 -0.0763305338482 -0.763305338482
11.3528908689 -0.0625616846404 -0.625616846404
11.4228574607 -0.0441130328802 -0.441130328802
11.4927892569 -0.0255170439761 -0.255170439761
11.5627712194 -0.0121764983401 -0.121764983401
11.632930901 -0.00470779809055 -0.0470779809055
11.7033063978 -0.000861144599207 -0.00861144599207
11.7735987111 0.00069802426345 0.0069802426345
11.843783374 -0.000183295654141 -0.00183295654141
11.9139350009 -0.00280432022934 -0.0280432022934
11.9841349833 -0.0059708247974 -0.059708247974
12.0 -0.00653408564448 -0.0653408564448
12.070294688 -0.00814830083577 -0.0814830083577
12.1406133884 -0.00817590403548 -0.0817590403548
12.2110311502 -0.00771905333295 -0.0771905333295
12.2816122092 -0.00838257473406 -0.0838257473406
12.3522703317 -0.011507974571 -0.11507974571
12.4228747898 -0.0170014943305 -0.170014943305
12.4935063889 -0.0248179434754 -0.248179434754
12.5642370156 -0.0343045129214 -0.343045129214
12.6348901865 -0.0422962526241 -0.422962526241
12.7055475286 -0.0474576374312 -0.474576374312
12.7762617071 -0.0495877157845 -0.495877157845
12.8470288223 -0.0499568038514 -0.499568038514
12.917928421 -0.0493229571572 -0.493229571572
12.9888373186 -0.0472116969434 -0.472116969434
13.0597536141 -0.0435578345262 -0.435578345262
13.1307715787 -0.0383516022139 -0.383516022139
13.2019772841 -0.0321744910585 -0.321744910585
13.273316701 -0.0259839629476 -0.259839629476
13.3445722124 -0.0212058261837 -0.212058261837
13.4157440783 -0.0181595223393 -0.181595223393
13.4868817 -0.0166974258177 -0.166974258177
13.5580615778 -0.0161209243636 -0.161209243636
13.6293305454 -0.0161610695102 -0.161610695102
13.7006136241 -0.0166187032437 -0.166187032437
13.7719844768 -0.0172203693181 -0.172203693181
13.8435027059 -0.0176205919633 -0.176205919633
13.9150049343 -0.017636514217 -0.17636514217
13.9864955059 -0.0172885744019 -0.172885744019
14.0580550599 -0.0168237022784 -0.168237022784
14.129722585 -0.0165006712379 -0.165006712379
14.2013083616 -0.0166480614644 -0.166480614644
14.2728774197 -0.0175537352977 -0.175537352977
14.3444850785 -0.019472886041 -0.19472886041
14.4161565468 -0.022489998724 -0.22489998724
14.4879368552 -0.0266572650809 -0.266572650809
14.5597136441 -0.0301442746012 -0.301442746012
14.6315232313 -0.031457398112 -0.31457398112
14.7034410828 -0.030230356155 -0.30230356155
14.7754752058 -0.0273019987294 -0.273019987294
14.8475512716 -0.022843926232 -0.22843926232
14.9195771533 -0.0176298123836 -0.176298123836
14.9915946411 -0.0143551781646 -0.143551781646
15.0635798765 -0.0135658196275 -0.135658196275
15.1355974651 -0.014135128147 -0.14135128147
15.2076814294 -0.0150620511879 -0.150620511879
15.2797850303 -0.0161207843143 -0.161207843143
15.3519768882 -0.0168851371328 -0.168851371328
15.4242762546 -0.0168102501443 -0.168102501443
15.4965416863 -0.0159280863593 -0.159280863593
15.5688326334 -0.0148134904256 -0.148134904256
15.6412189299 -0.0138232368998 -0.138232368998
15.7136582577 -0.0129398170047 -0.129398170047
15.7860284312 -0.012199534724 -0.12199534724
15.8583841635 -0.0119431959362 -0.119431959362
15.9307741554 -0.0124384251129 -0.124384251129
16.0 -0.0136588466762 -0.136588466762
16.0725413634 -0.0158237704516 -0.158237704516
16.1450721034 -0.0188934123094 -0.188934123094
16.2176385697 -0.021783187317 -0.21783187317
16.2903166622 -0.0233136590854 -0.233136590854
16.3630836171 -0.0230976620944 -0.230976620944
16.4358146867 -0.0214234301541 -0.214234301541
16.5085501082 -0.0185075769816 -0.185075769816
16.5812946483 -0.0149151067332 -0.149151067332
16.6540116628 -0.0126383662628 -0.126383662628
16.7267589092 -0.0122933030273 -0.122933030273
16.7995590386 -0.0131771303532 -0.131771303532
16.8723857653 -0.0145713431151 -0.145713431151
16.9452983305 -0.0160432457971 -0.160432457971
17.0182563114 -0.01700896838 -0.1700896838
17.0912047008 -0.0170307590106 -0.170307590106
17.1641995273 -0.0161954388049 -0.161954388049
17.2373000795 -0.0149809292213 -0.149809292213
17.3104099455 -0.013810190162 -0.13810190162
17.3834624286 -0.012649136334 -0.12649136334
17.4565040302 -0.0115894380399 -0.115894380399
17.5295773403 -0.0108896617789 -0.108896617789
17.6027004912 -0.0107729517909 -0.107729517909
17.6758807528 -0.0111368618373 -0.111368618373
17.7490636574 -0.0116452384857 -0.116452384857
17.8223019449 -0.0121672437292 -0.121672437292
17.8956256745 -0.0125676130986 -0.125676130986
17.9689754307 -0.0126374873811 -0.126374873811
18.0423135772 -0.0121800378074 -0.121800378074
18.1156914711 -0.010934133407 -0.10934133407
18.189062779 -0.00907962200503 -0.0907962200503
18.2624165829 -0.00715500616993 -0.0715500616993
18.3357995306 -0.00571216496957 -0.0571216496957
18.4092192636 -0.00531315021512 -0.0531315021512
18.4826774974 -0.00608999766794 -0.0608999766794
18.556213845 -0.00756947340628 -0.0756947340628
18.6297470714 -0.00944193457032 -0.0944193457032
18.7033006024 -0.0112606818542 -0.112606818542
18.7769258733 -0.0124308748641 -0.124308748641
18.8506250569 -0.0128509264898 -0.128509264898
18.9243107473 -0.0129251832313 -0.129251832313
18.9979503991 -0.0130271555997 -0.130271555997
19.0715910278 -0.0133704103956 -0.133704103956
19.1452658493 -0.0139215419718 -0.139215419718
19.2189855516 -0.0145628780579 -0.145628780579
19.2927293851 -0.0152462989174 -0.152462989174
19.3664971518 -0.0159118578323 -0.159118578323
19.4403389636 -0.0164712409295 -0.164712409295
19.5142338521 -0.016846360221 -0.16846360221
19.5881075875 -0.0169329513382 -0.169329513382
19.6620062245 -0.0165244826511 -0.165244826511
19.7359664955 -0.015445373818 -0.15445373818
19.8098841733 -0.0138066490889 -0.138066490889
19.8837994167 -0.0118123008976 -0.118123008976
19.957747126 -0.00951158356918 -0.0951158356918
20.0 -0.00800382817634 -0.0800382817634
20.0740255363 -0.00530204989348 -0.0530204989348
20.1480741918 -0.00270638664589 -0.0270638664589
20.2221252285 -0.000394469562592 -0.00394469562592
20.29620896 0.00115770320946 0.0115770320946
20.3703604183 0.00148952449728 0.0148952449728
20.4445531425 0.000611836947387 0.00611836947387
20.5187522544 -0.000782026317804 -0.00782026317804
20.592913715 -0.00236564037325 -0.0236564037325
20.6670763701 -0.00370816406439 -0.0370816406439
20.7412559069 -0.00430757792072 -0.0430757792072
20.8154770276 -0.00440801667982 -0.0440801667982
20.8897216973 -0.00468876217383 -0.0468876217383
20.9639960764 -0.00560447295773 -0.0560447295773
21.0383247086 -0.0072996440576 -0.072996440576
21.1126832961 -0.00982608416175 -0.0982608416175
21.1870385142 -0.013221885719 -0.13221885719
21.2614303667 -0.0164410978983 -0.164410978983
21.3358738187 -0.0185520913078 -0.185520913078
21.4102839965 -0.0194363269663 -0.194363269663
21.4846894564 -0.0193057271857 -0.193057271857
21.5591222298 -0.0183714525221 -0.183714525221
21.6335753883 -0.0165990569013 -0.165990569013
21.708077623 -0.0142392839081 -0.142392839081
21.7825963466 -0.0118564937085 -0.118564937085
21.8571242271 -0.0098237235162 -0.098237235162
21.9317032487 -0.00845347907679 -0.0845347907679
22.0063269087 -0.00766637236116 -0.0766637236116
22.0809640521 -0.00703090473943 -0.0703090473943
22.155601577 -0.00604232398764 -0.0604232398764
22.2302238132 -0.00456373005276 -0.0456373005276
22.3048583801 -0.00267922508628 -0.0267922508628
22.3795167073 -0.000557773736429 -0.00557773736429
22.454211666 0.00155629742522 0.0155629742522
22.5289126524 0.00332858328816 0.0332858328816
22.6036596304 0.00410440020874 0.0410440020874
22.6784417665 0.00340002778565 0.0340002778565
22.7532196768 0.00164034035434 0.0164034035434
22.8280252137 -0.00104951140934 -0.0104951140934
22.9028827522 -0.00418246874839 -0.0418246874839
22.9777467414 -0.00699552478029 -0.0699552478029
23.0525835931 -0.00901747201867 -0.0901747201867
23.1274336918 -0.0103330064744 -0.103330064744
23.2023051767 -0.011056092328 -0.11056092328
23.2772026856 -0.0112994066642 -0.112994066642
23.3521387775 -0.0112722495382 -0.112722495382
23.4270733469 -0.0112261177949 -0.112261177949
23.5020447423 -0.0113016538554 -0.113016538554
23.5770557435 -0.0115296573924 -0.115296573924
23.6520806023 -0.0118773482003 -0.118773482003
23.727105556 -0.0121912486982 -0.121912486982
23.802148349 -0.0122331177636 -0.122331177636
23.8771813466 -0.0117973007549 -0.117973007549
23.9522337062 -0.0106093111606 -0.106093111606
24.0 -0.00942989220737 -0.0942989220737
24.0750916689 -0.00727533735172 -0.0727533735172
24.1502040301 -0.00482759751673 -0.0482759751673
24.2253504948 -0.00233733053657 -0.0233733053657
24.3005043417 -0.000325054958726 -0.00325054958726
24.375666923 0.000729646342943 0.00729646342943
24.4508738714 0.00046866387187 0.0046866387187
24.5261030694 -0.000474970474831 -0.00474970474831
24.6013416657 -0.00173701493058 -0.0173701493058
24.6765663716 -0.00311511610565 -0.0311511610565
24.7517987584 -0.00429074969937 -0.0429074969937
24.8270464581 -0.00485611659704 -0.0485611659704
24.9023302881 -0.00489334183206 -0.0489334183206
24.9776232971 -0.00468651397535 -0.0468651397535
25.0529293613 -0.00444921432218 -0.0444921432218
25.12826552 -0.00467264376732 -0.0467264376732
25.203629574 -0.00558507235027 -0.0558507235027
25.2790523858 -0.00698247948295 -0.0698247948295
25.3544678702 -0.00866637117041 -0.0866637117041
25.4298729041 -0.0102634830981 -0.102634830981
25.5052750085 -0.0111711774758 -0.111711774758
25.5806942841 -0.0111146772735 -0.111146772735
25.6561278378 -0.0102371503348 -0.102371503348
25.7315693496 -0.00858127386852 -0.0858127386852
25.8070419871 -0.00652336940689 -0.0652336940689
25.882527315 -0.00466515597291 -0.0466515597291
25.9580607777 -0.00338037490702 -0.0338037490702
26.0336651821 -0.00295023822288 -0.0295023822288
26.1092492749 -0.00335685819911 -0.0335685819911
26.1848344946 -0.00392849329987 -0.0392849329987
26.2604087447 -0.00436079326974 -0.0436079326974
26.3359840816 -0.00443804014937 -0.0443804014937
26.4115565011 -0.00399396989388 -0.0399396989388
26.487147518 -0.00305858617168 -0.0305858617168
26.5627587529 -0.0019421852653 -0.019421852653
26.6383930611 -0.00109288815504 -0.0109288815504
26.7140831405 -0.00088852587207 -0.0088852587207
26.7898496774 -0.00156884750466 -0.0156884750466
26.8655894648 -0.00290112517559 -0.0290112517559
26.9413183801 -0.0046997933491 -0.046997933491
27.0170437669 -0.00658584122334 -0.0658584122334
27.0927610176 -0.0080900852891 -0.080900852891
27.1684734463 -0.00885795413478 -0.0885795413478
27.2442026467 -0.0088781595927 -0.088781595927
27.3199493579 -0.00833780070397 -0.0833780070397
27.3957196906 -0.00732377116222 -0.0732377116222
27.4715412499 -0.00607962023231 -0.0607962023231
27.5474407579 -0.00503418742742 -0.0503418742742
27.6233238137 -0.00452363177215 -0.0452363177215
27.6991904631 -0.00459858540748 -0.0459858540748
27.7750500366 -0.00487142928912 -0.0487142928912
27.8509107086 -0.00511886989173 -0.0511886989173
27.9267587495 -0.00519284736539 -0.0519284736539
28.0 -0.00496568993122 -0.0496568993122
28.0758798373 -0.00429990481577 -0.0429990481577
28.1517727019 -0.00332476506972 -0.0332476506972
28.2277026791 -0.0022233944443 -0.022233944443
28.3036982944 -0.00104137094899 -0.0104137094899
28.3797124318 -0.000126597073823 -0.00126597073823
28.4557016243 9.83237404464e-05 0.000983237404464
28.5316736239 -0.00039131632039 -0.0039131632039
28.6076456875 -0.00111269178417 -0.0111269178417
28.6835955857 -0.00194229583385 -0.0194229583385
28.7595450916 -0.0028666044195 -0.028666044195
28.8355094663 -0.00370863169993 -0.0370863169993
28.9114783293 -0.00430018773013 -0.0430018773013
28.9874726538 -0.0046199839267 -0.046199839267
29.063521165 -0.00475449025617 -0.0475449025617
29.1396510066 -0.00477669380433 -0.0477669380433
29.21585716 -0.00477345583445 -0.0477345583445
29.2920538682 -0.00498383507664 -0.0498383507664
29.368260064 -0.00549869401284 -0.0549869401284
29.4445015266 -0.00619970544516 -0.0619970544516
29.5207904814 -0.00683369632315 -0.0683369632315
29.5970939362 -0.0071700125819 -0.071700125819
29.6734358936 -0.00704749978775 -0.0704749978775
29.7498431899 -0.00642387826051 -0.0642387826051
29.8263333675 -0.00535922624256 -0.0535922624256
29.902920452 -0.00411639310195 -0.0411639310195
29.9796196416 -0.00300040772968 -0.0300040772968
30.0564465744 -0.00230553076327 -0.0230553076327
30.1334091057 -0.00213658160527 -0.0213658160527
30.2103980332 -0.00239917906392 -0.0239917906392
30.2873959693 -0.0028342425926 -0.028342425926
30.3644204498 -0.00320042410739 -0.0320042410739
30.4414818206 -0.00328502530816 -0.0328502530816
30.51858734 -0.00297978368947 -0.0297978368947
30.5957442314 -0.00223815243813 -0.0223815243813
30.6729610756 -0.00125281605888 -0.0125281605888
30.7502434107 -0.000357747989654 -0.00357747989654
30.8275946675 0.000166021437336 0.00166021437336
30.9050194304 0.000115650782049 0.00115650782049
30.9825245603 -0.000600904103456 -0.00600904103456
31.0601156693 -0.00175983207089 -0.0175983207089
31.1377934884 -0.00309541127834 -0.0309541127834
31.2155554236 -0.00434280558761 -0.0434280558761
31.2934002221 -0.00513061850057 -0.0513061850057
31.3713260355 -0.00535446712753 -0.0535446712753
31.4493308747 -0.00516924995817 -0.0516924995817
31.5274123059 -0.00466246745714 -0.0466246745714
31.6055664267 -0.00395337474005 -0.0395337474005
31.6837910047 -0.00346063232064 -0.0346063232064
31.7620850384 -0.00361862597301 -0.0361862597301
31.8404460735 -0.00421859408964 -0.0421859408964
31.918869049 -0.00491275926038 -0.0491275926038
31.9973483242 -0.00554969108146 -0.0554969108146
32.0 -0.00556364130327 -0.0556364130327
32.0785781753 -0.00582468826303 -0.0582468826303
32.1571572114 -0.00552363815616 -0.0552363815616
32.2357805695 -0.00474613627208 -0.0474613627208
32.3144443099 -0.00370806636275 -0.0370806636275
32.3931458655 -0.00270058473936 -0.0270058473936
32.4718817893 -0.00184429507451 -0.0184429507451
32.550649242 -0.00145330397687 -0.0145330397687
32.6294459794 -0.00167500304304 -0.0167500304304
32.7082704654 -0.00205098431666 -0.0205098431666
32.7871214344 -0.00230643361171 -0.0230643361171
32.8659981896 -0.00234019469657 -0.0234019469657
32.9449008109 -0.00210443495919 -0.0210443495919
33.0238304285 -0.00157582514391 -0.0157582514391
33.1027888958 -0.000948012354633 -0.00948012354633
33.1817783334 -0.000417223900605 -0.00417223900605
33.2608013194 -0.000319016337722 -0.00319016337722
33.3398609376 -0.00080368758054 -0.0080368758054
33.4189609705 -0.00169585681288 -0.0169585681288
33.4981052825 -0.00276141013049 -0.0276141013049
33.5772969343 -0.00377209235529 -0.0377209235529
33.6565383458 -0.00443259764992 -0.0443259764992
33.7358318631 -0.00461073930047 -0.0461073930047
33.8151802673 -0.00438406020121 -0.0438406020121
33.894586412 -0.00382387491174 -0.0382387491174
33.9740526647 -0.00320482224072 -0.0320482224072
34.0535807891 -0.00295732212484 -0.0295732212484
34.1331721562 -0.0032986057413 -0.032986057413
34.2128278116 -0.00386448488441 -0.0386448488441
34.2925483845 -0.00447802179921 -0.0447802179921
34.3723341037 -0.00494894165703 -0.0494894165703
34.4521849177 -0.00503454984397 -0.0503454984397
34.5319947371 -0.00466711036877 -0.0466711036877
34.6117923041 -0.00389394552635 -0.0389394552635
34.6916137872 -0.00282696012874 -0.0282696012874
34.7713936481 -0.00163130873545 -0.0163130873545
34.8511724927 -0.000789331112205 -0.00789331112205
34.9309494376 -0.000557483997165 -0.00557483997165
35.0107721195 -0.000771008933912 -0.00771008933912
35.090609218 -0.00108789356211 -0.0108789356211
35.1704412982 -0.00144189576205 -0.0144189576205
35.2502384216 -0.00172217691346 -0.0172217691346
35.3300205501 -0.00176980065934 -0.0176980065934
35.4097916463 -0.00162149935097 -0.0162149935097
35.4895937234 -0.00142576518623 -0.0142576518623
35.5694423773 -0.00127393509827 -0.0127393509827
35.6492935319 -0.0013105030565 -0.013105030565
35.7290910232 -0.00161168079659 -0.0161168079659
35.8088009148 -0.00207409558057 -0.0207409558057
35.888506828 -0.00255388313388 -0.0255388313388
35.9682234408 -0.00298202166274 -0.0298202166274
36.0 -0.0030901883201 -0.030901883201
36.0796844845 -0.0033860089675 -0.033860089675
36.1593652994 -0.00357053231837 -0.0357053231837
36.2390580533 -0.00358053043769 -0.0358053043769
36.3187584343 -0.00343892134966 -0.0343892134966
36.3984548009 -0.00322271656723 -0.0322271656723
36.4781814883 -0.00301231586313 -0.0301231586313
36.5579640886 -0.00285560683222 -0.0285560683222
36.6377809517 -0.00278064753915 -0.0278064753915
36.7175799602 -0.00276757281906 -0.0276757281906
36.7973399014 -0.00272724731109 -0.0272724731109
36.877102535 -0.00256554004177 -0.0256554004177
36.9568233378 -0.00223399186921 -0.0223399186921
37.0365411877 -0.00176659114895 -0.0176659114895
37.1162994943 -0.00126724175649 -0.0126724175649
37.1961079788 -0.000869769519673 -0.00869769519673
37.2759133959 -0.000671252288035 -0.00671252288035
37.3556428122 -0.000681629942439 -0.00681629942439
37.4353559655 -0.000920238501214 -0.00920238501214
37.5150470425 -0.00135509182912 -0.0135509182912
37.5947300538 -0.00186690407374 -0.0186690407374
37.6744536102 -0.00229818223807 -0.0229818223807
37.7542354609 -0.00258490840404 -0.0258490840404
37.8339970086 -0.00269173065555 -0.0269173065555
37.9137635 -0.00258055044104 -0.0258055044104
37.9935417975 -0.00225500462994 -0.0225500462994
38.073353501 -0.00184661852727 -0.0184661852727
38.1531662457 -0.00161388273313 -0.0161388273313
38.2329625248 -0.00175963639572 -0.0175963639572
38.3127681814 -0.00216591297738 -0.0216591297738
38.3925416729 -0.00269508281396 -0.0269508281396
38.4722766071 -0.00317426649226 -0.0317426649226
38.5520210047 -0.00341994121798 -0.0341994121798
38.6317883317 -0.00333102786258 -0.0333102786258
38.7115750061 -0.00294264465002 -0.0294264465002
38.7913288508 -0.00232048253295 -0.0232048253295
38.871074955 -0.0015244976449 -0.015244976449
38.9508389145 -0.000929643873654 -0.00929643873654
39.0306250546 -0.000838183984547 -0.00838183984547
39.1103880186 -0.00112481555955 -0.0112481555955
39.1901323356 -0.00148677906539 -0.0148677906539
39.269900379 -0.00182920261803 -0.0182920261803
39.3496840537 -0.00208139336385 -0.0208139336385
39.4294922179 -0.00213003269975 -0.0213003269975
39.5093030312 -0.00194681866451 -0.0194681866451
39.5890951764 -0.00162089287388 -0.0162089287388
39.6688671346 -0.00126383613782 -0.0126383613782
39.7486555143 -0.00117513636226 -0.0117513636226
39.8284688715 -0.00151342203388 -0.0151342203388
39.908273942 -0.00205522777147 -0.0205522777147
39.9880909925 -0.00258874544536 -0.0258874544536
40.0 -0.0026381491501 -0.026381491501
