0.0 0.0 0.0
0.0241757776491 0.0 0.0
0.0483515552982 0.0 0.0
0.0726677310062 0.0 0.0
0.0974107073691 0.0 0.0
0.122632451451 0.0 0.0
0.148276246984 0.0 0.0
0.174554183631 0.0 0.0
0.201251914175 0.0 0.0
0.228703871427 0.0 0.0
0.257446462863 0.0 0.0
0.288119409385 0.0 0.0
0.320483455956 0.0 0.0
0.354392974434 0.0 0.0
0.390368578877 0.0 0.0
0.428875012061 0.0 0.0
0.468175092346 0.0 0.0
0.50873726319 0.0 0.0
0.550182956578 0.0 0.0
0.593196886172 0.0 0.0
0.638646231967 0.0 0.0
0.684169753012 0.0 0.0
0.730393503003 0.0 0.0
0.777059857747 0.0 0.0
0.824687306035 0.0 0.0
0.872911978554 0.0 0.0
0.922077882177 0.0 0.0
0.971100881131 0.0 0.0
1.02072325616 0.0 0.0
1.07105032824 0.0 0.0
1.12056249739 0.0 0.0
1.16967365866 0.0 0.0
1.21905200069 0.0 0.0
1.26960391408 0.0 0.0
1.3199387087 0.0 0.0
1.37024014657 0.0 0.0
1.42058862838 0.0 0.0
1.47201312307 0.0 0.0
1.5234385454 0.0 0.0
1.57480959536 0.0 0.0
1.62644262979 0.0 0.0
1.67878070953 0.0 0.0
1.73196539222 0.0 0.0
1.78667389398 0.0 0.0
1.84171520004 0.0 0.0
1.89558842797 0.0 0.0
1.94989359332 0.0 0.0
2.00377833719 0.0 0.0
2.05740021623 0.0 0.0
2.11126600162 0.0 0.0
2.16518920586 0.0 0.0
2.21957667363 0.0 0.0
2.27456581167 0.0 0.0
2.32992401825 0.0 0.0
2.38465474257 0.0 0.0
2.43939828286 0.0 0.0
2.4941415058 0.0 0.0
2.54899172916 0.0 0.0
2.60497959425 0.0 0.0
2.66184703369 0.0 0.0
2.71819080436 0.0 0.0
2.77421573328 0.0 0.0
2.83039266893 0.0 0.0
2.88620483877 0.0 0.0
2.94285480047 0.0 0.0
2.99953585651 0.0 0.0
3.05633303879 0.0 0.0
3.11345566122 0.0 0.0
3.17096834843 0.0 0.0
3.2287141792 0.0 0.0
3.28669236269 0.0 0.0
3.34465150109 0.0 0.0
3.4027677778 0.0 0.0
3.4603486296 0.0 0.0
3.51819463086 0.0 0.0
3.57670200205 0.0 0.0
3.63503433612 0.0 0.0
3.69327224908 0.0 0.0
3.75206399146 0.0 0.0
3.81111587475 0.0 0.0
3.87101441729 0.0 0.0
3.93133396789 0.0 0.0
3.99103397059 0.0 0.0
4.0 0.0 0.0
4.05970432668 0.0 0.0
4.11955606517 0.0 0.0
4.17955475565 0.0 0.0
4.23993228176 0.0 0.0
4.30032887064 0.0 0.0
4.36068058305 0.0 0.0
4.42118193346 0.0 0.0
4.48137984214 0.0 0.0
4.54197734167 0.0 0.0
4.60252069972 0.0 0.0
4.66310860186 0.0 0.0
4.72433849132 0.0 0.0
4.78596687034 0.0 0.0
4.84797717706 0.0 0.0
4.91007555801 0.0 0.0
4.97212451567 0.0 0.0
5.03386115475 0.0 0.0
5.09539349418 0.0 0.0
5.15750241612 0.0 0.0
5.21998970654 0.0 0.0
5.28266152055 0.0 0.0
5.3450324054 0.0 0.0
5.40738933751 0.0 0.0
5.47001739007 0.0 0.0
5.5325809011 0.0 0.0
5.59517446646 0.0 0.0
5.65783888101 0.0 0.0
5.72108332415 0.0 0.0
5.78475222808 0.0 0.0
5.84875171987 0.0 0.0
5.91246715095 0.0 0.0
5.97621363285 0.0 0.0
6.03953538003 0.0 0.0
6.103032844 0.0 0.0
6.16711556847 0.0 0.0
6.23138915105 0.0 0.0
6.29603503157 0.0 0.0
6.36041355899 0.0 0.0
6.42452942657 0.0 0.0
6.48881038826 0.0 0.0
6.55337606844 0.0 0.0
6.61789464959 0.0 0.0
6.68252042413 0.0 0.0
6.74761903279 0.0 0.0
6.81302770374 0.0 0.0
6.87814512469 0.0 0.0
6.94319620557 0.0 0.0
7.00840473903 0.0 0.0
7.0734065104 0.0 0.0
7.13870726817 0.0 0.0
7.20445852895 0.0 0.0
7.27021196011 0.0 0.0
7.33611120432 0.0 0.0
7.40210110549 0.0 0.0
7.467823212 0.0 0.0
7.53364451554 0.0 0.0
7.59980071821 0.0 0.0
7.6659128757 0.0 0.0
7.7321585657 0.0 0.0
7.79883373668 0.0 0.0
7.86543129605 0.0 0.0
7.93183629087 0.0 0.0
7.99837275428 0.0 0.0
8.0 0.0 0.0
8.06672248919 0.0 0.0
8.1334699438 0.0 0.0
8.20053688019 0.0 0.0
8.26777963843 0.0 0.0
8.33489470951 0.0 0.0
8.40187998847 0.0 0.0
8.4690435303 0.0 0.0
8.53619867866 0.0 0.0
8.60344453079 0.0 0.0
8.67097033378 0.0 0.0
8.7384862974 0.0 0.0
8.80609628313 0.0 0.0
8.8737929912 0.0 0.0
8.94149823836 0.0 0.0
9.00922017743 0.0 0.0
9.0771646569 0.0 0.0
9.14517307398 0.0 0.0
9.21344083461 0.0 0.0
9.281902862 0.0 0.0
9.35011101829 0.0 0.0
9.41814692647 0.0 0.0
9.4863291456 0.0 0.0
9.55462089008 0.0 0.0
9.62298168132 0.0 0.0
9.69138582345 0.0 0.0
9.7599018438 0.0 0.0
9.82863125743 0.0 0.0
9.89734705932 0.0 0.0
9.96607746621 0.0 0.0
10.03486433 0.0 0.0
10.103778393 0.0 0.0
10.1728622889 0.0 0.0
10.2419194446 0.0 0.0
10.3109018512 0.0 0.0
10.3798810419 0.0 0.0
10.4489568456 0.0 0.0
10.5181485411 0.0 0.0
10.5873618582 0.0 0.0
10.6566397137 0.0 0.0
10.7261220443 0.0 0.0
10.7957206426 0.0 0.0
10.8653011516 0.0 0.0
10.9348514311 0.0 0.0
11.0044609642 0.0 0.0
11.0740405278 0.0 0.0
11.1436197804 0.0 0.0
11.2132683559 0.0 0.0
11.283005711 0.0 0.0
11.3528908689 0.0 0.0
11.4228574607 0.0 0.0
11.4927892569 0.0 0.0
11.5627712194 0.0 0.0
11.632930901 0.0 0.0
11.7033063978 0.0 0.0
11.7735987111 0.0 0.0
11.843783374 0.0 0.0
11.9139350009 0.0 0.0
11.9841349833 0.0 0.0
12.0 0.0 0.0
12.070294688 0.0 0.0
12.1406133884 0.0 0.0
12.2110311502 0.0 0.0
12.2816122092 0.0 0.0
12.3522703317 0.0 0.0
12.4228747898 0.0 0.0
12.4935063889 0.0 0.0
12.5642370156 0.0 0.0
12.6348901865 0.0 0.0
12.7055475286 0.0 0.0
12.7762617071 0.0 0.0
12.8470288223 0.0 0.0
12.917928421 0.0 0.0
12.9888373186 0.0 0.0
13.0597536141 0.0 0.0
13.1307715787 0.0 0.0
13.2019772841 0.0 0.0
13.273316701 0.0 0.0
13.3445722124 0.0 0.0
13.4157440783 0.0 0.0
13.4868817 0.0 0.0
13.5580615778 2.22044604925e-16 2.22044604925e-15
13.6293305454 0.0 0.0
13.7006136241 0.0 0.0
13.7719844768 0.0 0.0
13.8435027059 2.22044604925e-16 2.22044604925e-15
13.9150049343 6.66133814775e-16 6.66133814775e-15
13.9864955059 1.11022302463e-15 1.11022302463e-14
14.0580550599 2.22044604925e-15 2.22044604925e-14
14.129722585 4.66293670343e-15 4.66293670343e-14
14.2013083616 9.7699626167e-15 9.7699626167e-14
14.2728774197 2.10942374679e-14 2.10942374679e-13
14.3444850785 4.7517545454e-14 4.7517545454e-13
14.4161565468 1.11022302463e-13 1.11022302463e-12
14.4879368552 2.68007838145e-13 2.68007838145e-12
14.5597136441 6.64135413331e-13 6.64135413331e-12
14.6315232313 1.6773249456e-12 1.6773249456e-11
14.7034410828 4.29500879306e-12 4.29500879306e-11
14.7754752058 1.09776632229e-11 1.09776632229e-10
14.8475512716 2.82942558272e-11 2.82942558272e-10
14.9195771533 7.61615215339e-11 7.61615215339e-10
14.9915946411 1.83511206231e-10 1.83511206231e-09
15.0635798765 3.19936965809e-10 3.19936965809e-09
15.1355974651 4.55409931988e-10 4.55409931988e-09
15.2076814294 5.8450999596e-10 5.8450999596e-09
15.2797850303 7.19901471768e-10 7.19901471768e-09
15.3519768882 8.93553009362e-10 8.93553009362e-09
15.4242762546 1.19387522091e-09 1.19387522091e-08
15.4965416863 1.7410646258e-09 1.7410646258e-08
15.5688326334 2.71736277924e-09 2.71736277924e-08
15.6412189299 4.44737024985e-09 4.44737024985e-08
15.7136582577 7.51367390528e-09 7.51367390528e-08
15.7860284312 1.31402533299e-08 1.31402533299e-07
15.8583841635 2.41746931362e-08 2.41746931362e-07
15.9307741554 4.72749936975e-08 4.72749936975e-07
16.0 9.80841121656e-08 9.80841121656e-07
16.0725413634 2.3057934051e-07 2.3057934051e-06
16.1450721034 4.93328696116e-07 4.93328696116e-06
16.2176385697 7.97279832376e-07 7.97279832376e-06
16.2903166622 1.08130504195e-06 1.08130504195e-05
16.3630836171 1.32158792243e-06 1.32158792243e-05
16.4358146867 1.5138725209e-06 1.5138725209e-05
16.5085501082 1.69539009942e-06 1.69539009942e-05
16.5812946483 2.09465483314e-06 2.09465483314e-05
16.6540116628 2.97103303182e-06 2.97103303182e-05
16.7267589092 4.68655956576e-06 4.68655956576e-05
16.7995590386 8.05981472696e-06 8.05981472696e-05
16.8723857653 1.47838115658e-05 0.000147838115658
16.9452983305 2.87576613747e-05 0.000287576613747
17.0182563114 5.87300537358e-05 0.000587300537358
17.0912047008 0.000123891899459 0.00123891899459
17.1641995273 0.000264610534784 0.00264610534784
17.2373000795 0.000573836292108 0.00573836292108
17.3104099455 0.00126303138963 0.0126303138963
17.3834624286 0.00266485462782 0.0266485462782
17.4565040302 0.00480082208759 0.0480082208759
17.5295773403 0.00751935594863 0.0751935594863
17.6027004912 0.0109485763255 0.109485763255
17.6758807528 0.0151258946051 0.151258946051
17.7490636574 0.0200546839159 0.200546839159
17.8223019449 0.0257750257173 0.257750257173
17.8956256745 0.0323818266252 0.323818266252
17.9689754307 0.0399185497806 0.399185497806
18.0423135772 0.0482089153621 0.482089153621
18.1156914711 0.0569846215071 0.569846215071
18.189062779 0.0658917653366 0.658917653366
18.2624165829 0.074627038276 0.74627038276
18.3357995306 0.0830851044345 0.830851044345
18.4092192636 0.0912959529011 0.912959529011
18.4826774974 0.0989088925335 0.989088925335
18.556213845 0.106055825816 1.06055825816
18.6297470714 0.113112290557 1.13112290557
18.7033006024 0.119861022491 1.19861022491
18.7769258733 0.125605062609 1.25605062609
18.8506250569 0.129918024564 1.29918024564
18.9243107473 0.132868020124 1.32868020124
18.9979503991 0.135761860141 1.35761860141
19.0715910278 0.138370547674 1.38370547674
19.1452658493 0.139662201434 1.39662201434
19.2189855516 0.139905899262 1.39905899262
19.2927293851 0.139831143337 1.39831143337
19.3664971518 0.139281315343 1.39281315343
19.4403389636 0.138130860199 1.38130860199
19.5142338521 0.13672635988 1.3672635988
19.5881075875 0.135178073652 1.35178073652
19.6620062245 0.133527073915 1.33527073915
19.7359664955 0.13156581411 1.3156581411
19.8098841733 0.129467534407 1.29467534407
19.8837994167 0.127221636526 1.27221636526
19.957747126 0.124588076331 1.24588076331
20.0 0.123519943353 1.23519943353
20.0740255363 0.119184905166 1.19184905166
20.1480741918 0.116593897625 1.16593897625
20.2221252285 0.113610853218 1.13610853218
20.29620896 0.110149677707 1.10149677707
20.3703604183 0.105437700975 1.05437700975
20.4445531425 0.100464388891 1.00464388891
20.5187522544 0.0955623880476 0.955623880476
20.592913715 0.0909604821733 0.909604821733
20.6670763701 0.0860853272988 0.860853272988
20.7412559069 0.0802893630462 0.802893630462
20.8154770276 0.0740149549568 0.740149549568
20.8897216973 0.0677979945571 0.677979945571
20.9639960764 0.0616805929761 0.616805929761
21.0383247086 0.0557077706856 0.557077706856
21.1126832961 0.0501033971588 0.501033971588
21.1870385142 0.0449597827252 0.449597827252
21.2614303667 0.0403691838958 0.403691838958
21.3358738187 0.0364253784768 0.364253784768
21.4102839965 0.0332561338542 0.332561338542
21.4846894564 0.0304395969519 0.304395969519
21.5591222298 0.0276521564686 0.276521564686
21.6335753883 0.0253101536865 0.253101536865
21.708077623 0.0234360374268 0.234360374268
21.7825963466 0.0217176564442 0.217176564442
21.8571242271 0.020046954149 0.20046954149
21.9317032487 0.0185844364957 0.185844364957
22.0063269087 0.0173036166304 0.173036166304
22.0809640521 0.016029922184 0.16029922184
22.155601577 0.0146722254319 0.146722254319
22.2302238132 0.0132698037033 0.132698037033
22.3048583801 0.0115825072132 0.115825072132
22.3795167073 0.00930966461904 0.0930966461904
22.454211666 0.00652056944153 0.0652056944153
22.5289126524 0.00342091031122 0.0342091031122
22.6036596304 0.000204917212701 0.00204917212701
22.6784417665 -0.00291403436144 -0.0291403436144
22.7532196768 -0.00603635808136 -0.0603635808136
22.8280252137 -0.00906344474365 -0.0906344474365
22.9028827522 -0.0119095873764 -0.119095873764
22.9777467414 -0.014690128892 -0.14690128892
23.0525835931 -0.0173856861192 -0.173856861192
23.1274336918 -0.0200900940336 -0.200900940336
23.2023051767 -0.0226836072143 -0.226836072143
23.2772026856 -0.0251908795418 -0.251908795418
23.3521387775 -0.0275273164335 -0.275273164335
23.4270733469 -0.0295010395031 -0.295010395031
23.5020447423 -0.031103465512 -0.31103465512
23.5770557435 -0.0324292447122 -0.324292447122
23.6520806023 -0.033618866894 -0.33618866894
23.727105556 -0.0348370738054 -0.348370738054
23.802148349 -0.0358615630726 -0.358615630726
23.8771813466 -0.0368193831513 -0.368193831513
23.9522337062 -0.0378232408701 -0.378232408701
24.0 -0.0388859808035 -0.388859808035
24.0750916689 -0.039575904891 -0.39575904891
24.1502040301 -0.040272960828 -0.40272960828
24.2253504948 -0.0411486649965 -0.411486649965
24.3005043417 -0.0430234314839 -0.430234314839
24.375666923 -0.0443234500978 -0.443234500978
24.4508738714 -0.0453456131695 -0.453456131695
24.5261030694 -0.0464999126342 -0.464999126342
24.6013416657 -0.0480506668481 -0.480506668481
24.6765663716 -0.0494974343046 -0.494974343046
24.7517987584 -0.0508545600693 -0.508545600693
24.8270464581 -0.0522102444582 -0.522102444582
24.9023302881 -0.0536390578853 -0.536390578853
24.9776232971 -0.0549939304684 -0.549939304684
25.0529293613 -0.0561111493612 -0.561111493612
25.12826552 -0.0570499004375 -0.570499004375
25.203629574 -0.057908356964 -0.57908356964
25.2790523858 -0.0586718917623 -0.586718917623
25.3544678702 -0.0592503990456 -0.592503990456
25.4298729041 -0.0596288383933 -0.596288383933
25.5052750085 -0.0598103054591 -0.598103054591
25.5806942841 -0.0597223301344 -0.597223301344
25.6561278378 -0.0593439772919 -0.593439772919
25.7315693496 -0.0587408403684 -0.587408403684
25.8070419871 -0.0580242121852 -0.580242121852
25.882527315 -0.0570531401864 -0.570531401864
25.9580607777 -0.0561744908343 -0.561744908343
26.0336651821 -0.0551244882733 -0.551244882733
26.1092492749 -0.0539514564398 -0.539514564398
26.1848344946 -0.0524914257617 -0.524914257617
26.2604087447 -0.0507655610717 -0.507655610717
26.3359840816 -0.0489012103832 -0.489012103832
26.4115565011 -0.0470868250392 -0.470868250392
26.487147518 -0.0454386241271 -0.454386241271
26.5627587529 -0.0440206201687 -0.440206201687
26.6383930611 -0.042800093689 -0.42800093689
26.7140831405 -0.0416862940451 -0.416862940451
26.7898496774 -0.0405271811586 -0.405271811586
26.8655894648 -0.03924835288 -0.3924835288
26.9413183801 -0.037800134267 -0.37800134267
27.0170437669 -0.0361975111616 -0.361975111616
27.0927610176 -0.0345605384092 -0.345605384092
27.1684734463 -0.0330071469961 -0.330071469961
27.2442026467 -0.0317145932063 -0.317145932063
27.3199493579 -0.0306989480178 -0.306989480178
27.3957196906 -0.0299225612936 -0.299225612936
27.4715412499 -0.0292376334713 -0.292376334713
27.5474407579 -0.028437592779 -0.28437592779
27.6233238137 -0.0274488770761 -0.274488770761
27.6991904631 -0.0263142346851 -0.263142346851
27.7750500366 -0.0250512763442 -0.250512763442
27.8509107086 -0.0237800816537 -0.237800816537
27.9267587495 -0.0226630960694 -0.226630960694
28.0 -0.0217597520532 -0.217597520532
28.0758798373 -0.0210646361746 -0.210646361746
28.1517727019 -0.020607327443 -0.20607327443
28.2277026791 -0.0202492582884 -0.202492582884
28.3036982944 -0.0198334972929 -0.198334972929
28.3797124318 -0.0192898680725 -0.192898680725
28.4557016243 -0.0186576008758 -0.186576008758
28.5316736239 -0.0180365219954 -0.180365219954
28.6076456875 -0.0175578906914 -0.175578906914
28.6835955857 -0.0172989977082 -0.172989977082
28.7595450916 -0.0173106979892 -0.173106979892
28.8355094663 -0.0175467766871 -0.175467766871
28.9114783293 -0.0178891127546 -0.178891127546
28.9874726538 -0.0181600703074 -0.181600703074
29.063521165 -0.0182645893037 -0.182645893037
29.1396510066 -0.0180588974412 -0.180588974412
29.21585716 -0.0176389762388 -0.176389762388
29.2920538682 -0.0171809732304 -0.171809732304
29.368260064 -0.0167791114332 -0.167791114332
29.4445015266 -0.0165446153197 -0.165446153197
29.5207904814 -0.0165452061701 -0.165452061701
29.5970939362 -0.0167470112207 -0.167470112207
29.6734358936 -0.0169366128849 -0.169366128849
29.7498431899 -0.0169193585538 -0.169193585538
29.8263333675 -0.0165994571578 -0.165994571578
29.902920452 -0.0160127476885 -0.160127476885
29.9796196416 -0.0152407758141 -0.152407758141
30.0564465744 -0.0144475372543 -0.144475372543
30.1334091057 -0.0138068430122 -0.138068430122
30.2103980332 -0.0134141677565 -0.134141677565
30.2873959693 -0.0132263712723 -0.132263712723
30.3644204498 -0.0131638191857 -0.131638191857
30.4414818206 -0.0130825472584 -0.130825472584
30.51858734 -0.012886581005 -0.12886581005
30.5957442314 -0.0125510976018 -0.125510976018
30.6729610756 -0.0121513134884 -0.121513134884
30.7502434107 -0.0119007313666 -0.119007313666
30.8275946675 -0.011814365971 -0.11814365971
30.9050194304 -0.0120049294056 -0.120049294056
30.9825245603 -0.0124412779186 -0.124412779186
31.0601156693 -0.0129132580837 -0.129132580837
31.1377934884 -0.0133550275541 -0.133550275541
31.2155554236 -0.0135112376459 -0.135112376459
31.2934002221 -0.0132507729554 -0.132507729554
31.3713260355 -0.0128210723724 -0.128210723724
31.4493308747 -0.0123045038669 -0.123045038669
31.5274123059 -0.011911841637 -0.11911841637
31.6055664267 -0.0117354413302 -0.117354413302
31.6837910047 -0.0118622230301 -0.118622230301
31.7620850384 -0.0122665201717 -0.122665201717
31.8404460735 -0.0126931202355 -0.126931202355
31.918869049 -0.0129146826875 -0.129146826875
31.9973483242 -0.0126404780847 -0.126404780847
32.0 -0.0126247149206 -0.126247149206
32.0785781753 -0.01192003898 -0.1192003898
32.1571572114 -0.0110882939453 -0.110882939453
32.2357805695 -0.0103518964542 -0.103518964542
32.3144443099 -0.00990623328175 -0.0990623328175
32.3931458655 -0.00971600023846 -0.0971600023846
32.4718817893 -0.00975627551783 -0.0975627551783
32.550649242 -0.00988940143773 -0.0988940143773
32.6294459794 -0.00987796460729 -0.0987796460729
32.7082704654 -0.00957022145854 -0.0957022145854
32.7871214344 -0.00906775004122 -0.0906775004122
32.8659981896 -0.00853568369148 -0.0853568369148
32.9449008109 -0.0081808849588 -0.081808849588
33.0238304285 -0.00813770684606 -0.0813770684606
33.1027888958 -0.00849467597175 -0.0849467597175
33.1817783334 -0.00902737231992 -0.0902737231992
33.2608013194 -0.00953959924553 -0.0953959924553
33.3398609376 -0.00975373186976 -0.0975373186976
33.4189609705 -0.00961114062093 -0.0961114062093
33.4981052825 -0.00913541899763 -0.0913541899763
33.5772969343 -0.00842878126856 -0.0842878126856
33.6565383458 -0.00772026670866 -0.0772026670866
33.7358318631 -0.00732055944379 -0.0732055944379
33.8151802673 -0.00741644642582 -0.0741644642582
33.894586412 -0.00794550827949 -0.0794550827949
33.9740526647 -0.00867408744816 -0.0867408744816
34.0535807891 -0.00919320609168 -0.0919320609168
34.1331721562 -0.00935401220976 -0.0935401220976
34.2128278116 -0.00907277018832 -0.0907277018832
34.2925483845 -0.0085128415359 -0.085128415359
34.3723341037 -0.007821649834 -0.07821649834
34.4521849177 -0.00729950521591 -0.0729950521591
34.5319947371 -0.00697745842912 -0.0697745842912
34.6117923041 -0.00700734566494 -0.0700734566494
34.6916137872 -0.00727891521105 -0.0727891521105
34.7713936481 -0.00752872051666 -0.0752872051666
34.8511724927 -0.00747429866093 -0.0747429866093
34.9309494376 -0.00702312550694 -0.0702312550694
35.0107721195 -0.00643085804592 -0.0643085804592
35.090609218 -0.00601125456964 -0.0601125456964
35.1704412982 -0.00583212414227 -0.0583212414227
35.2502384216 -0.00601018177629 -0.0601018177629
35.3300205501 -0.00653587072207 -0.0653587072207
35.4097916463 -0.00708334295509 -0.0708334295509
35.4895937234 -0.00739392337046 -0.0739392337046
35.5694423773 -0.00736242986203 -0.0736242986203
35.6492935319 -0.0069876200752 -0.069876200752
35.7290910232 -0.00626385086726 -0.0626385086726
35.8088009148 -0.00538177755156 -0.0538177755156
35.888506828 -0.00474866893733 -0.0474866893733
35.9682234408 -0.00467351251093 -0.0467351251093
36.0 -0.00474733865941 -0.0474733865941
36.0796844845 -0.00534805307857 -0.0534805307857
36.1593652994 -0.00617063588651 -0.0617063588651
36.2390580533 -0.00674271386328 -0.0674271386328
36.3187584343 -0.00696833453837 -0.0696833453837
36.3984548009 -0.00683578463425 -0.0683578463425
36.4781814883 -0.00639243258999 -0.0639243258999
36.5579640886 -0.00583793674005 -0.0583793674005
36.6377809517 -0.00533034114635 -0.0533034114635
36.7175799602 -0.00503344523136 -0.0503344523136
36.7973399014 -0.00501074954376 -0.0501074954376
36.877102535 -0.00511826297129 -0.0511826297129
36.9568233378 -0.00524705525079 -0.0524705525079
37.0365411877 -0.00521286591088 -0.0521286591088
37.1162994943 -0.00502439790351 -0.0502439790351
37.1961079788 -0.00473189198875 -0.0473189198875
37.2759133959 -0.00446466108988 -0.0446466108988
37.3556428122 -0.00436631134103 -0.0436631134103
37.4353559655 -0.00456412410063 -0.0456412410063
37.5150470425 -0.00495416472941 -0.0495416472941
37.5947300538 -0.00548071146375 -0.0548071146375
37.6744536102 -0.00578493250408 -0.0578493250408
37.7542354609 -0.00584071734223 -0.0584071734223
37.8339970086 -0.00559330033174 -0.0559330033174
37.9137635 -0.0050586134044 -0.050586134044
37.9935417975 -0.00429898463761 -0.0429898463761
38.073353501 -0.00355742987593 -0.0355742987593
38.1531662457 -0.00329738467832 -0.0329738467832
38.2329625248 -0.0035238118773 -0.035238118773
38.3127681814 -0.00408226221245 -0.0408226221245
38.3925416729 -0.0047471280831 -0.047471280831
38.4722766071 -0.0052120602847 -0.052120602847
38.5520210047 -0.00532078121059 -0.0532078121059
38.6317883317 -0.00514351422974 -0.0514351422974
38.7115750061 -0.00478890704177 -0.0478890704177
38.7913288508 -0.00433257895754 -0.0433257895754
38.871074955 -0.00385314677142 -0.0385314677142
38.9508389145 -0.00358334793088 -0.0358334793088
39.0306250546 -0.00348756458608 -0.0348756458608
39.1103880186 -0.00342555583988 -0.0342555583988
39.1901323356 -0.00340110387069 -0.0340110387069
39.269900379 -0.00340427716998 -0.0340427716998
39.3496840537 -0.00336919209586 -0.0336919209586
39.4294922179 -0.00328365545736 -0.0328365545736
39.5093030312 -0.00326865495034 -0.0326865495034
39.5890951764 -0.00346201744108 -0.0346201744108
39.6688671346 -0.00378610431691 -0.0378610431691
39.7486555143 -0.00432377427019 -0.0432377427019
39.8284688715 -0.00469777997707 -0.0469777997707
39.908273942 -0.00480458555518 -0.0480458555518
39.9880909925 -0.00469216029955 -0.0469216029955
40.0 -0.00464768263616 -0.0464768263616
