1.621033664030212349e-03 1.616662299914733069e-03 1.615179932853854500e-03 1.614463803938184479e-03 1.614194137833112330e-03 1.614131919212412770e-03 1.614232329695891414e-03 1.614390762648476975e-03 1.614590490343486033e-03 1.614783078549261340e-03 1.614924073236036163e-03 1.615122043617033031e-03 1.615173947168716201e-03 1.615236317098106165e-03 1.615286220810546128e-03 1.615412603024769973e-03 1.615776604170440865e-03 1.616198146396542572e-03 1.617751464609378268e-03 1.621033666480597296e-03
1.617751462315055551e-03 1.606827587240081991e-03 1.598456104215460532e-03 1.595692380679936476e-03 1.594230585038642831e-03 1.593491240579256651e-03 1.593525117796736707e-03 1.593936465814399430e-03 1.594637529771238040e-03 1.595383891870853993e-03 1.596067272671583071e-03 1.596570183634235919e-03 1.597030673404834867e-03 1.597220893671749990e-03 1.597407739613468684e-03 1.597721783571555594e-03 1.598380270694213729e-03 1.600127221478649022e-03 1.606827585810857630e-03 1.616662302209509851e-03
1.616198142544627908e-03 1.600127222308890930e-03 1.577722976143393265e-03 1.563896033290402502e-03 1.558953403528359023e-03 1.556123881235284582e-03 1.555252474073684412e-03 1.555316571623594109e-03 1.556580873950740452e-03 1.558068264932541960e-03 1.559544324760703520e-03 1.560785644601032137e-03 1.561685884322808930e-03 1.562382273038419311e-03 1.563026796987867541e-03 1.564564197054736303e-03 1.567791986481511081e-03 1.577722972643381787e-03 1.598456101518935671e-03 1.615179935032868847e-03
1.615776598632082898e-03 1.598380266088072306e-03 1.567791986964997162e-03 1.534082601923644372e-03 1.515083041723726872e-03 1.507729753123256871e-03 1.504036748197443499e-03 1.503429588068311415e-03 1.504375870391665712e-03 1.506578943317133561e-03 1.508853250988379923e-03 1.510788771599096787e-03 1.512341498487115897e-03 1.513801876383692995e-03 1.516036582033778715e-03 1.520696837937074962e-03 1.534082594943414176e-03 1.563896024401421588e-03 1.595692374915317875e-03 1.614463805576758304e-03
1.615412597351613584e-03 1.597721778636521442e-03 1.564564195504111873e-03 1.520696842799933125e-03 1.480553031104551347e-03 1.458513851813308514e-03 1.450142402786233371e-03 1.446892759547877255e-03 1.447154616318161629e-03 1.449171517713047095e-03 1.451705660025639361e-03 1.453948708954780995e-03 1.456353309473710405e-03 1.459463103453729343e-03 1.465278709414254317e-03 1.480553020463881144e-03 1.515083027617799725e-03 1.558953391459534567e-03 1.594230578189531058e-03 1.614194138780770948e-03
1.615286214751289733e-03 1.597407732939362755e-03 1.563026793521110061e-03 1.516036583547201782e-03 1.465278715846524615e-03 1.423436926665224951e-03 1.402035064037385464e-03 1.394556292226835316e-03 1.392154190404561089e-03 1.393060757211919904e-03 1.395168513509058208e-03 1.397120744793687403e-03 1.401062022141485487e-03 1.407882124927753312e-03 1.423436917858193242e-03 1.458513835765158726e-03 1.507729735959789392e-03 1.556123867089332811e-03 1.593491232354110393e-03 1.614131919856095576e-03
1.615236310581208683e-03 1.597220885898159408e-03 1.562382268237620447e-03 1.513801875737652266e-03 1.459463105966959419e-03 1.407882127177288722e-03 1.369256788858051917e-03 1.351332514401695946e-03 1.345200461767928320e-03 1.344023070937326071e-03 1.345133859817345453e-03 1.347206998091766235e-03 1.354160421164625613e-03 1.369256789366160663e-03 1.402035054720705441e-03 1.450142386168324499e-03 1.504036730205879748e-03 1.555252459317013700e-03 1.593525109197965707e-03 1.614232330108066700e-03
1.615173940311991378e-03 1.597030664886088394e-03 1.561685879018119300e-03 1.512341497952283736e-03 1.456353312412478774e-03 1.401062022308445249e-03 1.354160414563711570e-03 1.322993317534083835e-03 1.310080792315725107e-03 1.307256490733451184e-03 1.307604018884135546e-03 1.310850924335654364e-03 1.322993333429900616e-03 1.351332525078984643e-03 1.394556287886439434e-03 1.446892745202880710e-03 1.503429569993344544e-03 1.555316555605920376e-03 1.593936456810868003e-03 1.614390762774057294e-03
1.615122035892940832e-03 1.596570174658003835e-03 1.560785639136062514e-03 1.510788771974593513e-03 1.453948712794079666e-03 1.397120750109032356e-03 1.347206997824210292e-03 1.310850921893724460e-03 1.292331052863433978e-03 1.288151195475011794e-03 1.288397577378324124e-03 1.292331061754824640e-03 1.310080826296107417e-03 1.345200486788858743e-03 1.392154195453748069e-03 1.447154605199688733e-03 1.504375851818714159e-03 1.556580858239622715e-03 1.594637520714839180e-03 1.614590490492307960e-03
1.614924066094235991e-03 1.596067263595369332e-03 1.559544319486228002e-03 1.508853253641693039e-03 1.451705669225498551e-03 1.395168525202512789e-03 1.345133873247196001e-03 1.307604033726889308e-03 1.288397588149712463e-03 1.283935054180587471e-03 1.283935055037281961e-03 1.288151220684510346e-03 1.307256536450114278e-03 1.344023107903726932e-03 1.393060771309472673e-03 1.449171510039985039e-03 1.506578927170762862e-03 1.558068249709983720e-03 1.595383883068964654e-03 1.614783078639484741e-03
1.614783070701663985e-03 1.595383882788221994e-03 1.558068260917887466e-03 1.506578949444201381e-03 1.449171535703138933e-03 1.393060779569705232e-03 1.344023094825874979e-03 1.307256514553263192e-03 1.288151209670551070e-03 1.283935057504470741e-03 1.283935058362685932e-03 1.288397607667659617e-03 1.307604072748138864e-03 1.345133906919753364e-03 1.395168537744078665e-03 1.451705661872657342e-03 1.508853239057660273e-03 1.559544311488774608e-03 1.596067264510592307e-03 1.614924073271264710e-03
1.614590482311816086e-03 1.594637520851794948e-03 1.556580870478451156e-03 1.504375879036350073e-03 1.447154637920151790e-03 1.392154222552352246e-03 1.345200499942829711e-03 1.310080833808378170e-03 1.292331091910920359e-03 1.288397617743334937e-03 1.288151234239945549e-03 1.292331100893673920e-03 1.310850985212796017e-03 1.347207054848578375e-03 1.397120777028769195e-03 1.453948718564514360e-03 1.510788763570002254e-03 1.560785632168292837e-03 1.596570175945116396e-03 1.615122043376604694e-03
1.614390754589824055e-03 1.593936457201701419e-03 1.555316568919715972e-03 1.503429596849417032e-03 1.446892784447019898e-03 1.394556332823060482e-03 1.351332566040786085e-03 1.322993379116631056e-03 1.310850981173362299e-03 1.307604085411302134e-03 1.307256558292244596e-03 1.310080866422349806e-03 1.322993395607219248e-03 1.354160477476689783e-03 1.401062058648280253e-03 1.456353320376676001e-03 1.512341493878028914e-03 1.561685875085925971e-03 1.597030665910263063e-03 1.615173946574700046e-03
1.614232321580207942e-03 1.593525109488382703e-03 1.555252471037089782e-03 1.504036757593366124e-03 1.450142429536297340e-03 1.402035107487999881e-03 1.369256842488243567e-03 1.354160469020494620e-03 1.347207051980204434e-03 1.345133917495126407e-03 1.344023129269931527e-03 1.345200523151007495e-03 1.351332576391984282e-03 1.369256844277759368e-03 1.407882163283660087e-03 1.459463119431681378e-03 1.513801876255324325e-03 1.562382265185863033e-03 1.597220887925019641e-03 1.615236316851368205e-03
1.614131910990830501e-03 1.593491232489832338e-03 1.556123878676965791e-03 1.507729762102052876e-03 1.458513876183619405e-03 1.423436961457061681e-03 1.407882163947564566e-03 1.401062056654445902e-03 1.397120779737630976e-03 1.395168547040498853e-03 1.393060791737786011e-03 1.392154226397999571e-03 1.394556328324260928e-03 1.402035098985350992e-03 1.423436953921441983e-03 1.465278727041510092e-03 1.516036582394504270e-03 1.563026790550687975e-03 1.597407734107536819e-03 1.615286220642471807e-03
1.614194129611016149e-03 1.594230577490467855e-03 1.558953400640294886e-03 1.515083047871595761e-03 1.480553045950661582e-03 1.465278732588991403e-03 1.459463120795792893e-03 1.456353321897571390e-03 1.453948720874198488e-03 1.451705669722467553e-03 1.449171527305269293e-03 1.447154626586326419e-03 1.446892770454685914e-03 1.450142413770067655e-03 1.458513861247563975e-03 1.480553036009023141e-03 1.520696839659548905e-03 1.564564190633170116e-03 1.597721778371197438e-03 1.615412602618713275e-03
1.614463795660772737e-03 1.595692373000737619e-03 1.563896029080285438e-03 1.534082602608208105e-03 1.520696844380769065e-03 1.516036583695879294e-03 1.513801875284515605e-03 1.512341492922213843e-03 1.510788763581645934e-03 1.508853241571093962e-03 1.506578933541467174e-03 1.504375861108870260e-03 1.503429579593312283e-03 1.504036740587338028e-03 1.507729745898011295e-03 1.515083034549568252e-03 1.534082595683248368e-03 1.567791980885053322e-03 1.598380265105182321e-03 1.615776603341210951e-03
1.615179925011224742e-03 1.598456096708809199e-03 1.577722971221623893e-03 1.567791981574224048e-03 1.564564189320483828e-03 1.563026787286124659e-03 1.562382260572873355e-03 1.561685869986517445e-03 1.560785627017226632e-03 1.559544306651827576e-03 1.558068246365136534e-03 1.556580855639946165e-03 1.555316553826793617e-03 1.555252457337825836e-03 1.556123865367890812e-03 1.558953389215669101e-03 1.563896020551631526e-03 1.577722967367688059e-03 1.600127218128204534e-03 1.616198144991773692e-03
1.616662292648178957e-03 1.606827580877897123e-03 1.600127218540602948e-03 1.598380260784219679e-03 1.597721773624949989e-03 1.597407727710290588e-03 1.597220880501565212e-03 1.597030657709883885e-03 1.596570167450199387e-03 1.596067255990138434e-03 1.595383874653027220e-03 1.594637512587428977e-03 1.593936449079111145e-03 1.593525101776547843e-03 1.593491224798553084e-03 1.594230571450205598e-03 1.595692367669697539e-03 1.598456094332433844e-03 1.606827578831631839e-03 1.617751462212967074e-03
1.621033659166717543e-03 1.617751459260261286e-03 1.616198140261473340e-03 1.615776597726428657e-03 1.615412596848634415e-03 1.615286214547049029e-03 1.615236310481362771e-03 1.615173940088706446e-03 1.615122035961375890e-03 1.614924066501615633e-03 1.614783071242043792e-03 1.614590483008845325e-03 1.614390755255972398e-03 1.614232322653279044e-03 1.614131912447688789e-03 1.614194131387806236e-03 1.614463798134536552e-03 1.615179927807626958e-03 1.616662295309303750e-03 1.621033661615228121e-03
1.621033660838931993e-03 1.617751460818128836e-03 1.616198141613447211e-03 1.615776599804869592e-03 1.615412598379545881e-03 1.615286215837308161e-03 1.615236311751341684e-03 1.615173941434982835e-03 1.615122037531478661e-03 1.614924067199335943e-03 1.614783072293174762e-03 1.614590484082392393e-03 1.614390756527328032e-03 1.614232323776067539e-03 1.614131913397740458e-03 1.614194132327182851e-03 1.614463799125794843e-03 1.615179928892867146e-03 1.616662297046476873e-03 1.621033662990195969e-03
1.616662295898871858e-03 1.606827584941492503e-03 1.600127219195112598e-03 1.598380268306400257e-03 1.597721780464431444e-03 1.597407735745149824e-03 1.597220888926190359e-03 1.597030667703993592e-03 1.596570177286672386e-03 1.596067265935341949e-03 1.595383884912216117e-03 1.594637522919047567e-03 1.593936459297570253e-03 1.593525111970408572e-03 1.593491235208417244e-03 1.594230580856309965e-03 1.595692377213815856e-03 1.598456101305338519e-03 1.606827586566437257e-03 1.617751463666295634e-03
1.615179927486026356e-03 1.598456099905975472e-03 1.577722973023988140e-03 1.567791986431933769e-03 1.564564196292486664e-03 1.563026795236169145e-03 1.562382269973642364e-03 1.561685880015508754e-03 1.560785639033983796e-03 1.559544318437801683e-03 1.558068258412605893e-03 1.556580867666963785e-03 1.555316565739438316e-03 1.555252469509936161e-03 1.556123877517592412e-03 1.558953401014904734e-03 1.563896031408682245e-03 1.577722976261917596e-03 1.600127222482986260e-03 1.616198144663316596e-03
1.614463797766195561e-03 1.595692373172113553e-03 1.563896024803412095e-03 1.534082597374367401e-03 1.520696839849686090e-03 1.516036582755256063e-03 1.513801875763414644e-03 1.512341495766482283e-03 1.510788767474670292e-03 1.508853245849729784e-03 1.506578937690832487e-03 1.504375864973282522e-03 1.503429583418967571e-03 1.504036744685470234e-03 1.507729750787359119e-03 1.515083040277942841e-03 1.534082601925463012e-03 1.567791986607347272e-03 1.598380266741887849e-03 1.615776602232105522e-03
1.614194130974604211e-03 1.594230576061766514e-03 1.558953391622451123e-03 1.515083030285625104e-03 1.480553024836528137e-03 1.465278713042769123e-03 1.459463105491355271e-03 1.456353308622373608e-03 1.453948707073200600e-03 1.451705656228756847e-03 1.449171512934779252e-03 1.447154611726695315e-03 1.446892755586372302e-03 1.450142399668202797e-03 1.458513849557547615e-03 1.480553030436339334e-03 1.520696841825755789e-03 1.564564194846730606e-03 1.597721779437530657e-03 1.615412601438623611e-03
1.614131911789545111e-03 1.593491229254283791e-03 1.556123866481112956e-03 1.507729738418002495e-03 1.458513840939507089e-03 1.423436924297444717e-03 1.407882130526238312e-03 1.401062025178436169e-03 1.397120744637020623e-03 1.395168511662504916e-03 1.393060753859951028e-03 1.392154186453048144e-03 1.394556288115116971e-03 1.402035060113226940e-03 1.423436923936469362e-03 1.465278713112265615e-03 1.516036581102015801e-03 1.563026792536251599e-03 1.597407733837254758e-03 1.615286219635708774e-03
1.614232322073610787e-03 1.593525105931061598e-03 1.555252458443376817e-03 1.504036732299806126e-03 1.450142391813424771e-03 1.402035063255522608e-03 1.369256798789211544e-03 1.354160428687077459e-03 1.347207002011700490e-03 1.345133859437541626e-03 1.344023068753692806e-03 1.345200457906368810e-03 1.351332509220116605e-03 1.369256783265405128e-03 1.407882121423373800e-03 1.459463100709808584e-03 1.513801872191836715e-03 1.562382266357511531e-03 1.597220886856957553e-03 1.615236315889469676e-03
1.614390754710457593e-03 1.593936453048549204e-03 1.555316553812328625e-03 1.503429571886816902e-03 1.446892751112256563e-03 1.394556297725714012e-03 1.351332537682807793e-03 1.322993345453388073e-03 1.310850930529064299e-03 1.307604019164549693e-03 1.307256489248165982e-03 1.310080787775082505e-03 1.322993309644781125e-03 1.354160404171760382e-03 1.401062012205294728e-03 1.456353303329137707e-03 1.512341491852270880e-03 1.561685876667955617e-03 1.597030665414960263e-03 1.615173945870342900e-03
1.614590482270412139e-03 1.594637516732327160e-03 1.556580856579851437e-03 1.504375853770479948e-03 1.447154611565185187e-03 1.392154206111366954e-03 1.345200500849940252e-03 1.310080840428562605e-03 1.292331068325603934e-03 1.288397578087492525e-03 1.288151194736613736e-03 1.292331046331528319e-03 1.310850909765770437e-03 1.347206983419802070e-03 1.397120736099972385e-03 1.453948702281606395e-03 1.510788764768865311e-03 1.560785635897643433e-03 1.596570175538128151e-03 1.615122042745661263e-03
1.614783070567477920e-03 1.595383878992867772e-03 1.558068248136921076e-03 1.506578929453973592e-03 1.449171516827869747e-03 1.393060781951456929e-03 1.344023121634937545e-03 1.307256550125222849e-03 1.288151227224462736e-03 1.283935055307036232e-03 1.283935053374967144e-03 1.288397581466752288e-03 1.307604018649113692e-03 1.345133856148929838e-03 1.395168509972724005e-03 1.451705657426438341e-03 1.508853246413195291e-03 1.559544317049008739e-03 1.596067264727485000e-03 1.614924072455647605e-03
1.614924065864744868e-03 1.596067260622264714e-03 1.559544309854155953e-03 1.508853241483613591e-03 1.451705668367406525e-03 1.395168547638955250e-03 1.345133919829155211e-03 1.307604085676694660e-03 1.288397614106891360e-03 1.283935058429180702e-03 1.283935056489904055e-03 1.288151202732951703e-03 1.307256498760396395e-03 1.344023077107885144e-03 1.393060764185060068e-03 1.449171524309865889e-03 1.506578942934460284e-03 1.558068259008887381e-03 1.595383884375049886e-03 1.614783077990456384e-03
1.615122035676873000e-03 1.596570172452256749e-03 1.560785631612909190e-03 1.510788766361243233e-03 1.453948724587441959e-03 1.397120786365835254e-03 1.347207065921387711e-03 1.310850996373527210e-03 1.292331108142763703e-03 1.288151235063889977e-03 1.288397616961593295e-03 1.292331084992460848e-03 1.310080817641493716e-03 1.345200482462153299e-03 1.392154208359878877e-03 1.447154628200976022e-03 1.504375874186829982e-03 1.556580869748943339e-03 1.594637523015049116e-03 1.614590489941590502e-03
1.615173940137339852e-03 1.597030663141176020e-03 1.561685874790056305e-03 1.512341496962306972e-03 1.456353325932375348e-03 1.401062066436273811e-03 1.354160486403257167e-03 1.322993404185944652e-03 1.310080873110603056e-03 1.307256561659552114e-03 1.307604086785269480e-03 1.310850976106941925e-03 1.322993367055849863e-03 1.351332552071703250e-03 1.394556321427188605e-03 1.446892777129093035e-03 1.503429593848516722e-03 1.555316569528732281e-03 1.593936460043255884e-03 1.614390762229271506e-03
1.615236310621267352e-03 1.597220885847972340e-03 1.562382266030332275e-03 1.513801879216847062e-03 1.459463124977054349e-03 1.407882169410747206e-03 1.369256850633388282e-03 1.351332582986395497e-03 1.345200529172075254e-03 1.344023133501111820e-03 1.345133919743521454e-03 1.347207049468878868e-03 1.354160462615883621e-03 1.369256834695861376e-03 1.402035099857000316e-03 1.450142424936099730e-03 1.504036756776937602e-03 1.555252473261092665e-03 1.593525113047916013e-03 1.614232329570001231e-03
1.615286214861702497e-03 1.597407733283813134e-03 1.563026792563682781e-03 1.516036586901391104e-03 1.465278732337465823e-03 1.423436959125767886e-03 1.402035103915465035e-03 1.394556333070772489e-03 1.392154230954894796e-03 1.393060795486412420e-03 1.395168549067923305e-03 1.397120780753808786e-03 1.401062055265017182e-03 1.407882160920850270e-03 1.423436958748386817e-03 1.458513874409592083e-03 1.507729763238271599e-03 1.556123882027027555e-03 1.593491236480405618e-03 1.614131919381108773e-03
1.615412597531758329e-03 1.597721778883492288e-03 1.564564194245950546e-03 1.520696844899833457e-03 1.480553041808963964e-03 1.458513866069642041e-03 1.450142417793544520e-03 1.446892773880548589e-03 1.447154629745817968e-03 1.449171530231501467e-03 1.451705671771432284e-03 1.453948721744166214e-03 1.456353322201030904e-03 1.459463120994903369e-03 1.465278732573415104e-03 1.480553047133973711e-03 1.515083050396883466e-03 1.558953404936913719e-03 1.594230582322318486e-03 1.614194138294268183e-03
1.615776599109417866e-03 1.598380266947925944e-03 1.567791985756080732e-03 1.534082602363967497e-03 1.515083040770001926e-03 1.507729751272674033e-03 1.504036744867565242e-03 1.503429582960395588e-03 1.504375863734991152e-03 1.506578935664153965e-03 1.508853243118152884e-03 1.510788764672345080e-03 1.512341493835044851e-03 1.513801875943893323e-03 1.516036585244534378e-03 1.520696846513615048e-03 1.534082606264331036e-03 1.563896033625744066e-03 1.595692377766698032e-03 1.614463804696472443e-03
1.616198142486418394e-03 1.600127220266241677e-03 1.577722973985647278e-03 1.563896027464583725e-03 1.558953395971963193e-03 1.556123871416029798e-03 1.555252462493404058e-03 1.555316558016547630e-03 1.556580859076148442e-03 1.558068249225502125e-03 1.559544309033736482e-03 1.560785628941187622e-03 1.561685871738941172e-03 1.562382262524256204e-03 1.563026789734911926e-03 1.564564192461261613e-03 1.567791985398832863e-03 1.577722976591020227e-03 1.598456101426719506e-03 1.615179933987246057e-03
1.617751461297455050e-03 1.606827584086399164e-03 1.598456100189454008e-03 1.595692374089279853e-03 1.594230577685073254e-03 1.593491231103133423e-03 1.593525107343460442e-03 1.593936454169583893e-03 1.594637517263833423e-03 1.595383878924830400e-03 1.596067259844651497e-03 1.596570171043714412e-03 1.597030661213339874e-03 1.597220883842269228e-03 1.597407731336255134e-03 1.597721777701480985e-03 1.598380265039161998e-03 1.600127223574028448e-03 1.606827585449805730e-03 1.616662300956968812e-03
1.621033663688601712e-03 1.616662300327592920e-03 1.615179933231327726e-03 1.614463803656166581e-03 1.614194137023111392e-03 1.614131918160845733e-03 1.614232328369487801e-03 1.614390760958081539e-03 1.614590488563668420e-03 1.614783076637489167e-03 1.614924071464437236e-03 1.615122041154174338e-03 1.615173944666069240e-03 1.615236314933334765e-03 1.615286218953540910e-03 1.615412601363782870e-03 1.615776602111169274e-03 1.616198145739063292e-03 1.617751464401813834e-03 1.621033666604306065e-03
