3.857143000000000210e+00
3.857143000000000210e+00
3.857143000000000210e+00
3.857143000000000210e+00
3.857143000000000210e+00
3.857143000000000210e+00
3.857143000000000210e+00
3.857143000000000210e+00
3.857143000000000210e+00
3.857143000000000210e+00
3.857143000000000210e+00
3.857143000000000210e+00
3.857143000000000210e+00
3.857143000000000210e+00
3.857143000000000210e+00
3.857143000000000210e+00
3.857143000000000210e+00
3.857143000000000210e+00
3.857143000000001987e+00
3.857143000000002431e+00
3.857143000000005539e+00
3.857143000000005095e+00
3.857143000000004651e+00
3.857142999999999766e+00
3.857142999999996658e+00
3.857142999999993549e+00
3.857142999999995325e+00
3.857142999999994437e+00
3.857142999999999766e+00
3.857143000000003319e+00
3.857143000000004651e+00
3.857143000000003319e+00
3.857143000000003319e+00
3.857143000000012201e+00
3.857143000000015753e+00
3.857143000000017086e+00
3.857143000000017530e+00
3.857143000000020638e+00
3.857143000000021082e+00
3.857143000000011313e+00
3.857143000000006428e+00
3.857143000000005539e+00
3.857143000000007760e+00
3.857143000000005539e+00
3.857143000000017530e+00
3.857143000000017086e+00
3.857142999999986444e+00
3.857142999999970456e+00
3.857143000000093469e+00
3.857142999999985555e+00
3.857142999999859878e+00
3.857143000000238242e+00
3.857143000000235578e+00
3.857142999999060962e+00
3.857142999999571220e+00
3.857143000001977740e+00
3.857143000000880395e+00
3.857142999995086807e+00
3.857143000001861832e+00
3.857143000013459222e+00
3.857142999984280785e+00
3.857142999966670427e+00
3.857143000045446968e+00
3.857143000057158488e+00
3.857142999893664825e+00
3.857142999856039811e+00
3.857143000364965602e+00
3.857143000340377714e+00
3.857142998973950743e+00
3.857142999279831397e+00
3.857143002469841875e+00
3.857143001772750601e+00
3.857142994405608150e+00
3.857142991033286172e+00
3.857143007511855792e+00
3.857143002270294829e+00
3.857142908337128251e+00
3.857142591738395687e+00
3.857141673894147083e+00
3.857139084284641584e+00
3.857131841308493403e+00
3.857112145688935012e+00
3.857060270029014415e+00
3.856928258817984290e+00
3.856605414922949393e+00
3.855853534801737315e+00
3.854206635299236350e+00
3.850799217571509114e+00
3.844100790950221391e+00
3.832880665323675551e+00
3.818047334011359428e+00
3.801590240919442643e+00
3.783553098791788472e+00
3.761024113699102056e+00
3.734182387497353872e+00
3.712921991224111817e+00
3.711443687006458880e+00
3.770561521999846732e+00
3.955800587961151749e+00
4.046320279727335212e+00
4.058824956775087145e+00
4.065673637528763429e+00
4.068091444127922784e+00
4.064915283777771116e+00
4.055886004906381181e+00
4.040770144397355601e+00
4.022199209187224511e+00
4.004210571092291282e+00
3.991414528115029725e+00
3.982393819515548827e+00
3.974051701070532072e+00
3.964432459485258686e+00
3.951151339489085590e+00
3.930606799141595609e+00
3.906706801659973305e+00
3.888018514332744147e+00
3.875328109817191002e+00
3.863896540556476467e+00
3.852738510204883671e+00
3.840870843366969378e+00
3.826207649357287188e+00
3.807094385374393042e+00
3.786137114381304958e+00
3.766901340136588949e+00
3.752115054153880802e+00
3.739666887403286122e+00
3.727715497264058264e+00
3.715331308850883918e+00
3.700617900605864818e+00
3.683193714098848659e+00
3.664881395998704772e+00
3.648533548970177343e+00
3.636809970478698695e+00
3.626509939119099357e+00
3.616960179361050631e+00
3.611309352189099986e+00
3.615091631444615317e+00
3.653887212319844924e+00
3.826306978840564366e+00
4.004207162197364944e+00
4.080532909362318605e+00
4.102843025517848297e+00
4.090921406576999431e+00
4.066714316423479580e+00
4.047805288585787586e+00
4.042368447095957329e+00
4.043943097401172970e+00
4.044135994988976357e+00
4.035393518731791751e+00
4.015851236972255656e+00
3.990876607338630588e+00
3.969008114574754220e+00
3.956184276448784676e+00
3.945939535503677487e+00
3.934822210334784298e+00
3.920405650343428139e+00
3.899814930087020404e+00
3.874823771126934435e+00
3.850777078258571517e+00
3.832200757157214088e+00
3.816930862131641788e+00
3.802080189534356336e+00
3.787074779338552855e+00
3.770301573250724569e+00
3.751025143612981783e+00
3.731566418013269271e+00
3.713680408912715780e+00
3.697890057010399634e+00
3.682939290582866843e+00
3.667887060344219741e+00
3.651393729718763304e+00
3.634525738345918633e+00
3.618734585486675925e+00
3.606149948837600316e+00
3.599160324117200549e+00
3.598059928778572836e+00
3.607014511352831132e+00
3.644620550944178472e+00
3.779914883827983907e+00
3.951540328358502219e+00
4.028111855281094833e+00
4.056966092054392625e+00
4.076980447643960837e+00
4.086929100630362299e+00
4.084178566066572813e+00
4.076005728639242598e+00
4.068650630701368343e+00
4.059178109488547292e+00
4.046937746166520355e+00
4.034838319014468766e+00
4.022281732132544363e+00
4.008542627249359391e+00
3.991056045164602661e+00
3.969782489272298598e+00
3.948853771645778998e+00
3.929636454253945477e+00
3.911035743604406978e+00
3.892115821857685454e+00
3.872054453291699616e+00
3.849844913868966323e+00
3.826385587144365719e+00
3.803314061776323918e+00
3.781725379156140487e+00
3.761469187729618024e+00
3.741506786771410020e+00
3.720994248151467065e+00
3.699930166273246002e+00
3.679164480148365612e+00
3.659624323489302888e+00
3.641846553533276687e+00
3.625982386031373572e+00
3.612397335434035295e+00
3.601967135158572475e+00
3.596207496081651023e+00
3.597088443789127954e+00
3.607991090859316241e+00
3.636621281785568982e+00
3.701070714892300551e+00
3.794269185695930524e+00
3.887267670543934628e+00
3.960077291037334302e+00
4.003807809638939119e+00
4.031750042047057114e+00
4.048787435542646307e+00
4.052184954179308463e+00
4.036840017356838395e+00
4.007440529622251724e+00
3.975841311800246913e+00
3.951157364611602052e+00
3.938853083693250046e+00
3.945629435977852317e+00
3.996753394822191829e+00
4.112857930954799457e+00
4.248244541668055874e+00
4.353623186940562384e+00
4.391899587535760929e+00
4.329543293973742379e+00
4.137939967960744703e+00
3.865705038068306898e+00
3.584786630265143437e+00
3.365005478325300281e+00
3.266821082958653033e+00
3.311320498770304432e+00
3.456168329394712746e+00
3.659503486990724141e+00
3.878238233925718870e+00
4.069507290812842015e+00
4.193832313332542583e+00
4.217858228757714656e+00
4.121171612594495492e+00
3.926021865999660854e+00
3.674266781361668510e+00
3.414929396549431839e+00
3.201712934162984858e+00
3.084838943264861744e+00
3.099264333105631319e+00
3.238767526625136561e+00
3.475128915047572153e+00
3.775566478113485669e+00
4.094161049260134355e+00
4.374800326041142107e+00
4.564346150737997654e+00
4.615912383817603271e+00
4.484275825115297209e+00
4.210754100318709447e+00
3.883968989842589536e+00
3.594715231216437878e+00
3.425151626533822213e+00
3.442559025974051057e+00
3.622268720366697448e+00
3.894484654608501906e+00
4.193621144591676675e+00
4.457572086010960000e+00
4.633540320966838877e+00
4.676140069559937551e+00
4.544339117788394056e+00
4.264311568337914693e+00
3.907782581973774150e+00
3.553706773603345415e+00
3.285839137121411735e+00
3.180629940774302167e+00
3.246819383372548717e+00
3.423442595130278043e+00
3.658125925513450394e+00
3.897470994075851625e+00
4.096300050366359358e+00
4.223607136710492149e+00
4.258723128803308278e+00
4.185418495893770796e+00
4.002849890048424619e+00
3.732747564555719322e+00
3.428667593895720511e+00
3.181248995604130325e+00
3.023244122256975697e+00
2.887725793886369186e+00
2.639968949262346598e+00
1.593892502756823593e+00
9.892835035302296465e-01
9.525878722020739708e-01
9.743908460559635998e-01
9.992289133603817763e-01
1.024166776460798900e+00
1.048730368468994367e+00
1.072533631493788109e+00
1.095205034486474771e+00
1.116390794499561467e+00
1.135760315118300667e+00
1.153011341451583904e+00
1.167874676972164405e+00
1.180118384305236967e+00
1.189551404493593090e+00
1.196026538411909756e+00
1.199442743761079733e+00
1.199746711799210885e+00
1.196933699206732538e+00
1.191047602104314151e+00
1.182180271068582034e+00
1.170470077834594225e+00
1.156099756051190752e+00
1.139293549783523041e+00
1.120313714259417281e+00
1.099456423464258314e+00
1.077047148444999936e+00
1.053435578443343124e+00
1.028990164112070005e+00
1.004092367965839339e+00
9.791307117862312337e-01
9.544947138692831956e-01
9.305688107227684247e-01
9.077263580630619000e-01
8.863238047240628026e-01
8.666951303923586813e-01
8.491466339659128337e-01
8.339521538622145513e-01
8.213487948613562573e-01
8.115332281652444246e-01
8.046586224092708850e-01
8.008322535169851708e-01
8.001138306951897095e-01
8.025145646917359876e-01
8.079969928555541525e-01
8.164755637287925971e-01
8.278179720487069959e-01
8.418472233270313243e-01
8.583443957897722854e-01
8.770520565782706779e-01
8.976782789028592280e-01
9.199011974627844257e-01
9.433740310465646983e-01
9.677304939368185366e-01
9.925905116763725777e-01
1.017566152003047231e+00
1.042267678402867270e+00
1.066309631818001646e+00
1.089316845606447259e+00
1.110930299891996542e+00
1.130812723949328635e+00
1.148653859200880811e+00
1.164175300698173654e+00
1.177134841537922361e+00
1.187330252419753096e+00
1.194602437366797831e+00
1.198837916365204315e+00
1.199970596181794358e+00
1.197982801726864555e+00
1.192905551868049141e+00
1.184818075391265602e+00
1.173846574662006370e+00
1.160162256279638759e+00
1.143978659455680003e+00
1.125548323805824591e+00
1.105158848553704720e+00
1.083128404641190645e+00
1.059800769777265561e+00
1.035539963901850768e+00
1.010724568776396159e+00
9.857418203421127734e-01
9.609815660326177511e-01
9.368301813351306295e-01
9.136645405302153966e-01
8.918461356946842944e-01
8.717154357386430741e-01
8.535865735020159439e-01
8.377424438166516385e-01
8.244302890270835960e-01
8.138578408564383082e-01
8.061900788223717029e-01
8.015466557868760056e-01
8.000000308133866644e-01
8.015743384673331695e-01
8.062450122043165468e-01
8.139391677228182687e-01
8.245367402993485362e-01
8.378723583583015388e-01
8.537379240400803093e-01
8.718858604985959548e-01
8.920329752551474645e-01
9.138648793223349553e-01
9.370408931390615814e-01
9.611993627611356006e-01
