1.495599251108720718e-01
1.495613205947541602e-01
1.495641126761789730e-01
1.495682970129727229e-01
1.495738673266018004e-01
1.495808156473809325e-01
1.495891325935836402e-01
1.495988076520975985e-01
1.496098294322256717e-01
1.496221858708392527e-01
1.496358643771089070e-01
1.496508519171605989e-01
1.496671350509315435e-01
1.496846999431870606e-01
1.497035323763298287e-01
1.497236177931938750e-01
1.497449413931533635e-01
1.497674882952657327e-01
1.497912437692239807e-01
1.498161935206760442e-01
1.498423240042938698e-01
1.498696227289747218e-01
1.498980785106435731e-01
1.499276816348221186e-01
1.499584239020810283e-01
1.499902985267560218e-01
1.500232998946743890e-01
1.500574231941473324e-01
1.500926639564440501e-01
1.501290175527048576e-01
1.501664787049807326e-01
1.502050410691467552e-01
1.502446969406850130e-01
1.502854371216634510e-01
1.503272509685784075e-01
1.503701266201541709e-01
1.504140513831011272e-01
1.504590122350909498e-01
1.505049963940517654e-01
1.505519918932140544e-01
1.505999881040547272e-01
1.506489761594371479e-01
1.506989492387045826e-01
1.507499026969655875e-01
1.508018340372925259e-01
1.508547427427027743e-01
1.509086299963707523e-01
1.509634983297991617e-01
1.510193512392371262e-01
1.510761928093202755e-01
1.511340273754342156e-01
1.511928592455647202e-01
1.512526924903720149e-01
1.513135307977896415e-01
1.513753773788391044e-01
1.514382349040903353e-01
1.515021054467398098e-01
1.515669904088726705e-01
1.516328904115099019e-01
1.516998051357901223e-01
1.517677331106833116e-01
1.518366714520263949e-01
1.519066155649183569e-01
1.519775588280094514e-01
1.520494922822290540e-01
1.521224043478491272e-01
1.521962805915119121e-01
1.522711035619569719e-01
1.523468527079873402e-01
1.524235043837784409e-01
1.525010319468092235e-01
1.525794059337451380e-01
1.526585943164144865e-01
1.527385628137197804e-01
1.528192752374015195e-01
1.529006938947221061e-01
1.529827799276602673e-01
1.530654937387787573e-01
1.531487952975812694e-01
1.532326443951882722e-01
1.533170011166417324e-01
1.534018255010347609e-01
1.534870784066054150e-01
1.535727211919318824e-01
1.536587147046762358e-01
1.537450222913372133e-01
1.538316232091631597e-01
1.539185640566561042e-01
1.540058974890728960e-01
1.540936732267832454e-01
1.541819345176115297e-01
1.542707183358195122e-01
1.543600537078652635e-01
1.544499594439532331e-01
1.545404455828701118e-01
1.546315105055318107e-01
1.547231438083580268e-01
1.548153258822980161e-01
1.549080300207143490e-01
1.550012258496288597e-01
1.550948803777637552e-01
1.551889632803963859e-01
1.552834479272769963e-01
1.553783153586059396e-01
1.554735556924296547e-01
1.555691684929990937e-01
1.556651629826759087e-01
1.557615550782183167e-01
1.558583652027779320e-01
1.559556128173998080e-01
1.560533131690400865e-01
1.561514714819603467e-01
1.562500799435279641e-01
1.563491081621103396e-01
1.564483470644598695e-01
1.565476341133710259e-01
1.566469854503792225e-01
1.567464175740972410e-01
1.568459445557823240e-01
1.569455782497421459e-01
1.570453285209195693e-01
1.571452033049088592e-01
1.572452087105015439e-01
1.573453490132563637e-01
1.574456267167177737e-01
1.575460426257220270e-01
1.576465973296522216e-01
1.577472943354469859e-01
1.578481402762947905e-01
1.579491448430054013e-01
1.580503206319489873e-01
1.581516829891995435e-01
1.582532497146188488e-01
1.583550406835436131e-01
1.584570773170280722e-01
1.585593818714406966e-01
1.586619766577360424e-01
1.587648831122651094e-01
1.588681182063874098e-01
1.589715751467439819e-01
1.590750530478639013e-01
1.591785360326996579e-01
1.592820226477303647e-01
1.593855149640377999e-01
1.594890180107114142e-01
1.595925392652073338e-01
1.596960880947193295e-01
1.597996751661429904e-01
1.599033118640969531e-01
1.600070097328263885e-01
1.601107799589384373e-01
1.602146329266453950e-01
1.603185778102946824e-01
1.604226223032028387e-01
1.605267723370830402e-01
1.606310319472682158e-01
1.607354032323043136e-01
1.608398883130850998e-01
1.609444930175188970e-01
1.610492272563369964e-01
1.611541050805717357e-01
1.612591447006060941e-01
1.613643686235978758e-01
1.614698035738668380e-01
1.615754805430229257e-01
1.616814347391462570e-01
1.617877056658331703e-01
1.618943313172339638e-01
1.620011514285748799e-01
1.621079318264229407e-01
1.622146460557160885e-01
1.623212785813055170e-01
1.624278196687804487e-01
1.625342651020154350e-01
1.626406159353373515e-01
1.627468779917646824e-01
1.628530612590445847e-01
1.629591791802098011e-01
1.630652478815575179e-01
1.631712853699482380e-01
1.632773107351066788e-01
1.633833433880702568e-01
1.634894023537497021e-01
1.635955056356412085e-01
1.637016696757950807e-01
1.638079088711363596e-01
1.639142352505292000e-01
1.640206581380531659e-01
1.641271839852265213e-01
1.642338163374005844e-01
1.643405593344856586e-01
1.644474228896424250e-01
1.645544232079165781e-01
1.646615829002845421e-01
1.647689314573968500e-01
1.648765056080785940e-01
1.649843475196483000e-01
1.650923803731199346e-01
1.652004145311910255e-01
1.653084175900444153e-01
1.654163680780648404e-01
1.655242496718426770e-01
1.656320503546429290e-01
1.657397620136270844e-01
1.658473799477082067e-01
1.659549023892598896e-01
1.660623300951759307e-01
1.661696660495601274e-01
1.662769152887930701e-01
1.663840848390793492e-01
1.664911837309885068e-01
1.665982230413546872e-01
1.667052159038935055e-01
1.668121774279572589e-01
1.669191244816872755e-01
1.670260752970464946e-01
1.671330488898390698e-01
1.672400643202854309e-01
1.673471397766937152e-01
1.674542916803228587e-01
1.675615336367552999e-01
1.676688755957468357e-01
1.677763232630160584e-01
1.678838838966680014e-01
1.679915754174617359e-01
1.680994292372957055e-01
1.682074942010163277e-01
1.683158422217434780e-01
1.684244414282837776e-01
1.685330174587278962e-01
1.686414800951709925e-01
1.687497672358498346e-01
1.688578241808348090e-01
1.689656065018257936e-01
1.690730823859330212e-01
1.691802337047181304e-01
1.692870561323550349e-01
1.693935584186064269e-01
1.694997610565323887e-01
1.696056945528382764e-01
1.697113972506025248e-01
1.698169136490318420e-01
1.699222921072788828e-01
1.700275832064725712e-01
1.701328395532721582e-01
1.702381119498355133e-01
1.703434364979183324e-01
1.704487582771788967e-01
1.705539787016744913e-01
1.706590065586073290e-01
1.707637655767726137e-01
1.708681995776290541e-01
1.709722788213202394e-01
1.710760016935486405e-01
1.711793964770721987e-01
1.712825156578219321e-01
1.713854293257844330e-01
1.714882106857781863e-01
1.715909254318175869e-01
1.716936149994298666e-01
1.717962897271734235e-01
1.718989220218995473e-01
1.720014528099253759e-01
1.721038000657501010e-01
1.722058772883340305e-01
1.723076089683083789e-01
1.724089465937774235e-01
1.725098729679276632e-01
1.726104002799367376e-01
1.727105574707495372e-01
1.728103740215389816e-01
1.729098660590347170e-01
1.730090290374108331e-01
1.731078433672361416e-01
1.732062857469159334e-01
1.733043488175032287e-01
1.734020506968942110e-01
1.734994392626675597e-01
1.735965779883251181e-01
1.736935270125511133e-01
1.737903205212795454e-01
1.738869564287662817e-01
1.739833998481662147e-01
1.740796003564103744e-01
1.741755168287400790e-01
1.742711315803867900e-01
1.743664556462962145e-01
1.744615120799155039e-01
1.745563172808818342e-01
1.746508629022925918e-01
1.747451129849849627e-01
1.748390155944993252e-01
1.749325184202736028e-01
1.750255836697861556e-01
1.751181867506766410e-01
1.752103107730428877e-01
1.753019358347753798e-01
1.753930396826772209e-01
1.754836071795589092e-01
1.755736423439196447e-01
1.756631776417185153e-01
1.757522659079546468e-01
1.758409672567237403e-01
1.759293314615405224e-01
1.760173905755124668e-01
1.761051632944927170e-01
1.761926592799373248e-01
1.762798851946618117e-01
1.763668404618085883e-01
1.764535149223061816e-01
1.765398931889258782e-01
1.766259605761727469e-01
1.767117144514422922e-01
1.767971639476744461e-01
1.768823194982807046e-01
1.769671836907648621e-01
1.770517418526226794e-01
1.771359677862232307e-01
1.772198340439179176e-01
1.773033134943081679e-01
1.773863840095032396e-01
1.774690227302230805e-01
1.775512047988136444e-01
1.776329126108448508e-01
1.777141411573195384e-01
1.777948948669899054e-01
1.778751869946820219e-01
1.779550369175296742e-01
1.780344701904127414e-01
1.781135215720602294e-01
1.781922334146908982e-01
1.782706460341061672e-01
1.783487866521164811e-01
1.784266659722998083e-01
1.785042827504453311e-01
1.785816310602500456e-01
1.786587057924484412e-01
1.787355035017619553e-01
1.788120215267218760e-01
1.788882582062444049e-01
1.789642157556740054e-01
1.790398996319302882e-01
1.791153165715178575e-01
1.791904723908448460e-01
1.792653717201128927e-01
1.793400153684709952e-01
1.794144017109776668e-01
1.794885258010726070e-01
1.795623799017994626e-01
1.796359567876462116e-01
1.797092501168700562e-01
1.797822545066996569e-01
1.798549634664535490e-01
1.799273683789089917e-01
1.799994617839690836e-01
1.800712407295411155e-01
1.801427096419124796e-01
1.802138794742372541e-01
1.802847645083493489e-01
1.803553784501251700e-01
1.804257349847353253e-01
1.804958493734554748e-01
1.805657400368596566e-01
1.806354260980110316e-01
1.807049217382540041e-01
1.807742341244807927e-01
1.808433644027007126e-01
1.809123107846890566e-01
1.809810687730976642e-01
1.810496303045621425e-01
1.811179844855426713e-01
1.811861192957263667e-01
1.812540226148837974e-01
1.813216809656624240e-01
1.813890752988721877e-01
1.814561803449896982e-01
1.815229656779540346e-01
1.815893992028967951e-01
1.816554526442610840e-01
1.817211077586928236e-01
1.817863630908375938e-01
1.818513189097424043e-01
1.819160651640936432e-01
1.819806218072643200e-01
1.820450186766248146e-01
1.821092891553716675e-01
1.821734971557422422e-01
1.822377147165432087e-01
1.823020032000770840e-01
1.823664136033171790e-01
1.824309876954070542e-01
1.824957656802293493e-01
1.825607983674242540e-01
1.826261588099448718e-01
1.826919514047848636e-01
1.827583165771585472e-01
1.828254327703308924e-01
1.828935164173847161e-01
1.829628163574423538e-01
1.830336095353942982e-01
1.831062027039371543e-01
1.831809385771649423e-01
1.832582079907381090e-01
1.833384663459795838e-01
1.834222521458448996e-01
1.835102016800530533e-01
1.836030573953662537e-01
1.837016722356883403e-01
1.838070170530662906e-01
1.839201928646912454e-01
1.840424489358023219e-01
1.841752108614493899e-01
1.843201171540340688e-01
1.844790545318478747e-01
1.846541890611606007e-01
1.848479904193740253e-01
1.850632581592097092e-01
1.853031589209523933e-01
1.855712717111694665e-01
1.858716441497541005e-01
1.862088518349030442e-01
1.865880546511623495e-01
1.870150517698758452e-01
1.874963342984930503e-01
1.880391488743282102e-01
1.886515758240571161e-01
1.893426193416387071e-01
1.901223015941057304e-01
1.910017566917405207e-01
1.919933223948506740e-01
1.931106294546839353e-01
1.943687063661347914e-01
1.957841037593865685e-01
1.973750308887636251e-01
1.991614888910379078e-01
2.011653985715891602e-01
2.034107114085111356e-01
2.059235217423276143e-01
2.087321886521607550e-01
2.118674655904635995e-01
2.153626175283429312e-01
2.192535233413049067e-01
2.235787629627990769e-01
2.283797090987048084e-01
2.337006369371091852e-01
2.395888474790670575e-01
2.460947595883996863e-01
2.532719378231360619e-01
2.611770595387348792e-01
2.698698618634472468e-01
2.794131111285875768e-01
2.898725668417311829e-01
3.013168936562406475e-01
3.138175256636211996e-01
3.274485010738201196e-01
3.422862244886999972e-01
3.584090480554505964e-01
3.758968380267851961e-01
3.948308371942755857e-01
4.152934747611506383e-01
4.373674424644657943e-01
4.611349000756361227e-01
4.866775967863560259e-01
5.140761263097510803e-01
5.434090578913298719e-01
5.747519101959492893e-01
6.081780512977279507e-01
6.437560712276511055e-01
6.815509929974545855e-01
7.216226613087113329e-01
7.640257865597273046e-01
8.088092144566919606e-01
8.560154523896466028e-01
9.056799094124639016e-01
9.578299826807430417e-01
1.012483699769266998e+00
1.069648072617494172e+00
1.129317014446539869e+00
1.191469192612407024e+00
1.256064934922097809e+00
1.322924812509893133e+00
1.388404871771937277e+00
1.449749182458171859e+00
1.507110670113041451e+00
1.560662652305314868e+00
1.610577133957160623e+00
1.657028536671455887e+00
1.700194084260169713e+00
1.740253054876994110e+00
1.777385188749112999e+00
1.811770730324603562e+00
1.843590329350496715e+00
1.873024080935567159e+00
1.900249485153298945e+00
1.925438313793605305e+00
1.948753840524225289e+00
1.970349924053231838e+00
1.990371462417751536e+00
2.008954774567472512e+00
2.026227057192936165e+00
2.042305788699115610e+00
2.057298808945840385e+00
2.071305052928790413e+00
2.084415298203226463e+00
2.096712661121163723e+00
2.108273053392768492e+00
2.119166520558316780e+00
2.129466105188034142e+00
2.139213462662298060e+00
2.148449444082124238e+00
2.157245476422296804e+00
2.165527736238294310e+00
2.173417941470487502e+00
2.180975710214021035e+00
2.188173919414599045e+00
2.195138578361130133e+00
2.257877803035171382e+00
3.979133824076033665e+00
5.020176823893056195e+00
5.170105293798248347e+00
5.179695207539080748e+00
5.139372065554233870e+00
5.109092758308811710e+00
5.082010352729460223e+00
5.052656899247806699e+00
5.021400085068144392e+00
4.987925011119560992e+00
4.953127531265577588e+00
4.917426841709708896e+00
4.880824648829622525e+00
4.843362939564548775e+00
4.805706031593439675e+00
4.767818542961248518e+00
4.729699024179859990e+00
4.691993671718571512e+00
4.654704987192713972e+00
4.617506840876073326e+00
4.580565571324825669e+00
4.544162079459940884e+00
4.508479561025396265e+00
4.473628118396201003e+00
4.439779986369109643e+00
4.407296350001460361e+00
4.376690784881190233e+00
4.348467031404723571e+00
4.322980133172515060e+00
4.300381123816309881e+00
4.280664961401158486e+00
4.263721483335299212e+00
4.249354279734255613e+00
4.237299316156555307e+00
4.227242239564477089e+00
4.218848024736952418e+00
4.211813983158004149e+00
4.205789853411924462e+00
4.200526283818092566e+00
4.195825146992193666e+00
4.191611509108884803e+00
4.187517908637870434e+00
4.182928154247065322e+00
4.177557308052145757e+00
4.171177283485788756e+00
4.163599958031438675e+00
4.154682845694986248e+00
4.144358074443267093e+00
4.132548205053705459e+00
4.119200402166608654e+00
4.104345841251835658e+00
4.088024539983515560e+00
4.070176739008090294e+00
4.050630406543104911e+00
4.029186660851808988e+00
4.005714524850747971e+00
3.980180847611990202e+00
3.952602075722554620e+00
3.922979141122443725e+00
3.892105811808961757e+00
3.863164202033432915e+00
3.836419762677188317e+00
3.811466625354717586e+00
3.787855044486248435e+00
3.765172937148677512e+00
3.743052788629886773e+00
3.721153102032701554e+00
3.699609887277410802e+00
3.679076226147683926e+00
3.660188311070958989e+00
3.643475413603749047e+00
3.629303905028092192e+00
3.617840303802230650e+00
3.609165138991150101e+00
3.603374048190439716e+00
3.600581600346216771e+00
3.600946400443457041e+00
3.604706933672956914e+00
3.612198122619846075e+00
3.623860992318136631e+00
3.640240037700095854e+00
3.661972909706369350e+00
3.689766572535035039e+00
3.724479894221823351e+00
3.766707358778518699e+00
3.817550363353911180e+00
3.878290529825368260e+00
3.950211030597248207e+00
4.034701334396558536e+00
4.133289512839191104e+00
4.247662676234508439e+00
4.379525911500609325e+00
4.530225256216109386e+00
4.700257184827780321e+00
4.888524599233070589e+00
5.076212046294410030e+00
5.243090810304357419e+00
5.388872692905387396e+00
5.512392854038528966e+00
5.613246991741501546e+00
5.691498332488134082e+00
5.747775382416415724e+00
5.783430921876081321e+00
5.800712710057982058e+00
5.802623358124435526e+00
5.792364665189853490e+00
5.774707661057699504e+00
5.753884755089179848e+00
5.729114453854343481e+00
5.696958706221647795e+00
5.654540945863563373e+00
5.599686054465862206e+00
5.530014549610673846e+00
5.441277765194229232e+00
5.328085481859865524e+00
5.187058064128564183e+00
5.015221917106808647e+00
4.808254190897310210e+00
4.561827081737666489e+00
4.273145904075136059e+00
3.940772955904722430e+00
3.563782999427634657e+00
3.141788305341223442e+00
2.683257482118525772e+00
2.269229431944627784e+00
1.933314457717935753e+00
1.665516384304944086e+00
1.455854218336843919e+00
1.294694484508291499e+00
1.172822982267101688e+00
1.082103404728488982e+00
1.015676088341861405e+00
9.678470595558421596e-01
9.340024095310622831e-01
9.103467484887035610e-01
8.940292553754538574e-01
8.828302456790853014e-01
8.753968848118718338e-01
8.704742286150839448e-01
8.672306886808558435e-01
8.649881400579391144e-01
8.635657355677917035e-01
8.625962869442893588e-01
8.618360996691202258e-01
8.611185624256965099e-01
8.605558235758272723e-01
8.601626591176173564e-01
8.598200156662766380e-01
8.596646376138681322e-01
8.598004196358002282e-01
8.600316756090563564e-01
8.604230172488793738e-01
8.609797680725062019e-01
8.616594929915439849e-01
8.623498042977305600e-01
8.633408118370898832e-01
8.646949836598984973e-01
8.660512527510308978e-01
8.677713790790859694e-01
8.698614227633860718e-01
8.719208141790724120e-01
8.741833368585004704e-01
8.765927056273704610e-01
8.790544290485116097e-01
8.817608313633678030e-01
8.849003419502513568e-01
8.882734922087096585e-01
8.918541109824115187e-01
8.956836824848795064e-01
8.999158887131757378e-01
9.044780396154340485e-01
9.067860373039196009e-01
9.072377735938113030e-01
9.011839960386074377e-01
8.726791477326357738e-01
7.733751934796286864e-01
5.243382000599864368e-01
3.490166120806506012e-01
3.098893687164442357e-01
3.054429157973378439e-01
3.052283620951266596e-01
3.053888047304318953e-01
3.056262332714803076e-01
3.058403920937713405e-01
3.060340759261186427e-01
3.062174265804026851e-01
3.063916081242611389e-01
3.065569011922150700e-01
3.067134769429504249e-01
3.068614726522275737e-01
3.070010191931921151e-01
3.071322551141663637e-01
3.072553390261156259e-01
3.073704631106131124e-01
3.074778482394922019e-01
3.075777232524583016e-01
3.076703168050057835e-01
3.077558715199292805e-01
3.078346571296046719e-01
3.079069724604289182e-01
3.079731462985123014e-01
3.080335433866812078e-01
3.080885599021764287e-01
3.081386011154564897e-01
3.081840549786296624e-01
3.082252791266126279e-01
3.082626050658560102e-01
3.082963474514645585e-01
3.083268105121118041e-01
3.083542918203427963e-01
3.083790836469982866e-01
3.084014720691024558e-01
3.084217328937838287e-01
3.084401239534605432e-01
3.084568773134674924e-01
3.084721927838168232e-01
3.084862340479450626e-01
3.084991277617992744e-01
3.085109673046996792e-01
3.085218214212943066e-01
3.085317458351938269e-01
3.085407950551438128e-01
3.085490307202553018e-01
3.085565247090079621e-01
3.085633576428368219e-01
3.085696145293979065e-01
3.085753798824207861e-01
3.085807338109072262e-01
3.085857496837500213e-01
3.085904929621138826e-01
3.085950208179024101e-01
3.085993822934819386e-01
3.086036099048375947e-01
3.086077075741359144e-01
3.086116713952148372e-01
3.086154928902560268e-01
3.086191601320974476e-01
3.086226593063510770e-01
3.086259767241004703e-01
3.086291005271082355e-01
3.086320223341084690e-01
3.086347383302109892e-01
3.086372499274214753e-01
3.086395639381581124e-01
3.086416923036455762e-01
3.086436514465573655e-01
3.086454614576792932e-01
3.086471450954658136e-01
3.086487265328291540e-01
3.086502299457715148e-01
3.086516776131138506e-01
3.086530879869838762e-01
3.086544739862683295e-01
3.086558420427988336e-01
3.086571922093849785e-01
3.086585192300038138e-01
3.086598143585875809e-01
3.086610673226459767e-01
3.086622680797841967e-01
3.086634080309944572e-01
3.086644807523561962e-01
3.086654822416673993e-01
3.086664108441954379e-01
3.086672669807026259e-01
3.086680526665206981e-01
3.086687711645166310e-01
3.086694264363613049e-01
3.086700228989637251e-01
3.086705649576218513e-01
3.086710570107447094e-01
3.086715030492380718e-01
3.086719066300866454e-01
3.086722707787226128e-01
3.086725980461151875e-01
3.086728903410859148e-01
3.086731490292364266e-01
3.086733751028097883e-01
3.086735693648118284e-01
3.086737323084874363e-01
3.086738640005561862e-01
3.086739648632670918e-01
3.086740347283732921e-01
3.086740736193931967e-01
