1.000000000000000000e+00
1.000000000000000000e+00
1.000000000000000000e+00
1.000000000000000000e+00
1.000000000000000000e+00
1.000000000000000000e+00
1.000000000000000000e+00
1.000000000000000000e+00
1.000000000000000000e+00
1.000000000000000000e+00
1.000000000000000000e+00
1.000000000000000000e+00
1.000000000000000000e+00
1.000000000000000000e+00
1.000000000000000000e+00
1.000000000000000000e+00
1.000000000000000000e+00
1.000000000000000000e+00
1.000000000000000000e+00
1.000000000000000000e+00
1.000000000000000000e+00
1.000000000000000000e+00
1.000000000000000000e+00
1.000000000000000000e+00
1.000000000000000000e+00
1.000000000000000000e+00
1.000000000000000000e+00
1.000000000000000000e+00
1.000000000000000000e+00
1.000000000000000000e+00
1.000000000000000000e+00
1.000000000000000000e+00
1.000000000000000000e+00
1.000000000000000000e+00
1.000000000000000000e+00
1.000000000000000000e+00
1.000000000000000000e+00
1.000000000000000000e+00
1.000000000000000000e+00
1.000000000000000000e+00
1.000000000000000000e+00
1.000000000000000000e+00
1.000000000000000000e+00
1.000000000000000000e+00
1.000000000000000000e+00
1.000000000000000000e+00
1.000000000000000000e+00
1.000000000000000000e+00
1.000000000000000000e+00
1.000000000000000000e+00
1.000000000000000000e+00
1.000000000000000000e+00
1.000000000000000000e+00
1.000000000000000000e+00
1.000000000000000000e+00
1.000000000000000000e+00
1.000000000000000000e+00
1.000000000000000000e+00
1.000000000000000000e+00
1.000000000000000000e+00
1.000000000000000000e+00
1.000000000000000000e+00
1.000000000000000000e+00
1.000000000000000000e+00
1.000000000000000000e+00
1.000000000000000000e+00
1.000000000000000000e+00
1.000000000000000000e+00
1.000000000000000000e+00
1.000000000000000000e+00
1.000000000000000000e+00
1.000000000000000000e+00
1.000000000000000000e+00
1.000000000000000000e+00
1.000000000000000000e+00
1.000000000000000000e+00
1.000000000000000000e+00
1.000000000000000000e+00
1.000000000000000000e+00
1.000000000000000000e+00
1.000000000000000000e+00
1.000000000000000000e+00
1.000000000000000000e+00
1.000000000000000000e+00
1.000000000000000000e+00
1.000000000000000000e+00
1.000000000000000000e+00
1.000000000000000000e+00
1.000000000000000000e+00
1.000000000000000000e+00
1.000000000000000000e+00
1.000000000000000000e+00
1.000000000000000000e+00
1.000000000000000000e+00
1.000000000000000000e+00
1.000000000000000000e+00
1.000000000000000000e+00
1.000000000000000000e+00
1.000000000000000000e+00
1.000000000000000000e+00
1.000000000000000000e+00
1.000000000000000000e+00
1.000000000000000000e+00
1.000000000000000000e+00
1.000000000000000000e+00
1.000000000000000000e+00
1.000000000000000000e+00
1.000000000000000000e+00
1.000000000000000000e+00
1.000000000000000000e+00
1.000000000000000000e+00
1.000000000000000000e+00
1.000000000000000000e+00
1.000000000000000000e+00
1.000000000000000000e+00
1.000000000000000000e+00
1.000000000000000000e+00
1.000000000000000000e+00
1.000000000000000000e+00
1.000000000000000000e+00
1.000000000000000000e+00
1.000000000000000000e+00
1.000000000000000000e+00
1.000000000000000000e+00
1.000000000000000000e+00
1.000000000000000000e+00
1.000000000000000000e+00
1.000000000000000000e+00
1.000000000000000000e+00
1.000000000000000000e+00
1.000000000000000000e+00
1.000000000000000000e+00
1.000000000000000000e+00
1.000000000000000000e+00
1.000000000000000000e+00
1.000000000000000000e+00
1.000000000000000000e+00
1.000000000000000000e+00
1.000000000000000000e+00
1.000000000000000000e+00
1.000000000000000000e+00
1.000000000000000000e+00
1.000000000000000000e+00
1.000000000000000000e+00
1.000000000000000000e+00
1.000000000000000000e+00
1.000000000000000000e+00
1.000000000000000000e+00
1.000000000000000000e+00
1.000000000000000000e+00
1.000000000000000000e+00
1.000000000000000000e+00
1.000000000000000000e+00
1.000000000000000000e+00
1.000000000000000000e+00
1.000000000000000000e+00
1.000000000000000000e+00
1.000000000000000000e+00
1.000000000000000000e+00
1.000000000000000000e+00
1.000000000000000000e+00
1.000000000000000000e+00
9.999999999999996669e-01
9.999999999999990008e-01
9.999999999999971134e-01
9.999999999999924505e-01
9.999999999999806821e-01
9.999999999999500400e-01
9.999999999998728795e-01
9.999999999996795896e-01
9.999999999992020827e-01
9.999999999980403453e-01
9.999999999952531304e-01
9.999999999886592938e-01
9.999999999732811506e-01
9.999999999379458604e-01
9.999999998579339744e-01
9.999999996794224355e-01
9.999999992870656218e-01
9.999999984376185536e-01
9.999999966264589979e-01
9.999999928239577951e-01
9.999999849644769512e-01
9.999999689746669196e-01
9.999999369617921241e-01
9.999998739041816576e-01
9.999997517317733564e-01
9.999995189688486441e-01
9.999990830240111928e-01
9.999982806313643113e-01
9.999968297637048531e-01
9.999942535159515034e-01
9.999897631262483211e-01
9.999820839049022858e-01
9.999692053134036085e-01
9.999480363808554984e-01
9.999139524136664292e-01
9.998602314518261203e-01
9.997774019394679579e-01
9.996525579208525025e-01
9.994687425504930056e-01
9.992045468894705795e-01
9.988341039693046097e-01
9.983276577093274096e-01
9.976528329361743497e-01
9.967766179196710929e-01
9.956679078499579560e-01
9.943002863931543756e-01
9.926546008119168096e-01
9.907208679006096474e-01
9.884991558394752298e-01
9.859992965492359041e-01
9.832395292924541730e-01
9.802443814236633246e-01
9.770421992614772844e-01
9.736627352298468097e-01
9.701351010576020339e-01
9.664862574083330493e-01
9.627400740447811245e-01
9.589168919480047792e-01
9.550334597994819541e-01
9.511030952781256431e-01
9.471359201736593292e-01
9.431390294205068692e-01
9.391163928079859780e-01
9.350706043418487434e-01
9.310179444247786984e-01
9.269657853511092949e-01
9.229164054990605104e-01
9.188717334509397539e-01
9.148333609178058712e-01
9.108025985163148430e-01
9.067805315433850044e-01
9.027680605978307682e-01
8.987659268588940042e-01
8.947747465992698102e-01
8.907950277199417899e-01
8.868271902303032084e-01
8.828715816841338215e-01
8.789284875903651262e-01
8.749981444879799675e-01
8.710807439075199943e-01
8.671764428231516497e-01
8.632853686581983821e-01
8.594076232599805465e-01
8.555432886629859013e-01
8.516924273833992309e-01
8.478550876769044287e-01
8.440313044491338790e-01
8.402211029144517340e-01
8.364244993044427368e-01
8.326415007527683265e-01
8.288721089407378173e-01
8.251163184099722381e-01
8.213741206846726373e-01
8.176455026634370515e-01
8.139304479755674615e-01
8.102289366185519981e-01
8.065409455741643363e-01
8.028664515535360868e-01
7.992054281694751516e-01
7.955578487745522676e-01
7.919236841698259477e-01
7.883029041909898060e-01
7.846954778160819544e-01
7.811013737670446933e-01
7.775205609566404608e-01
7.739530063435671181e-01
7.703986769686066438e-01
7.668575386884947109e-01
7.633295587596221621e-01
7.598147037138101023e-01
7.563129401106356564e-01
7.528242340761622797e-01
7.493485511445036051e-01
7.458858573092286282e-01
7.424361189784346449e-01
7.389993031344533891e-01
7.355753758784697727e-01
7.321643031409956759e-01
7.287660506247256587e-01
7.253805850741196215e-01
7.220078735052937180e-01
7.186478829755335029e-01
7.153005799262347475e-01
7.119659305870122967e-01
7.086439014414709359e-01
7.053344596789135057e-01
7.020375727386615194e-01
6.987532079422607012e-01
6.954813321267365733e-01
6.922219118471821808e-01
6.889749138908644044e-01
6.857403057585744754e-01
6.825180552690677249e-01
6.793081298181102845e-01
6.761104961020016901e-01
6.729251206636276406e-01
6.697519706188160837e-01
6.665910137886685849e-01
6.634422181578658595e-01
6.603055512287760997e-01
6.571809799601481261e-01
6.540684713330645605e-01
6.509679929913221308e-01
6.478795133344736890e-01
6.448030009730914003e-01
6.417384241331887118e-01
6.386857506287370034e-01
6.356449484338118072e-01
6.326159863192655219e-01
6.295988339746242390e-01
6.265934615351432813e-01
6.235998389961798782e-01
6.206179361083143942e-01
6.176477228956278598e-01
6.146891703242298721e-01
6.117422504989548093e-01
6.088069362506592919e-01
6.058832005618822736e-01
6.029710163950801061e-01
6.000703571022529825e-01
5.971811970844463913e-01
5.943035121547303179e-01
5.914372793197001377e-01
5.885824762172470193e-01
5.857390807680674660e-01
5.829070714171038503e-01
5.800864278135670071e-01
5.772771313834280660e-01
5.744791653523050323e-01
5.716925142819435646e-01
5.689171636189364056e-01
5.661530997342314464e-01
5.634003105049262272e-01
5.606587860453945416e-01
5.579285190950870055e-01
5.552095048742810013e-01
5.525017406708319090e-01
5.498052256550941541e-01
5.471199612455347472e-01
5.444459519115203427e-01
5.417832059720116833e-01
5.391317359995205782e-01
5.364915588065892749e-01
5.338626953588073709e-01
5.312451710349027634e-01
5.286390164068801578e-01
5.260442683574193534e-01
5.234609711650771713e-01
5.208891773028364591e-01
5.183289480149149142e-01
5.157803540148917509e-01
5.132434766775936241e-01
5.107184098659737215e-01
5.082052622332585701e-01
5.057041597117737375e-01
5.032152480473758294e-01
5.007386955556197838e-01
4.982746965387911953e-01
4.958234758482518711e-01
4.933852949219943995e-01
4.909604594554266566e-01
4.885493288955595204e-01
4.861523283142013541e-01
4.837699639145501829e-01
4.814028444177040345e-01
4.790517119508764798e-01
4.767174881977380152e-01
4.744013452160928956e-01
4.721048165270434471e-01
4.698299739668513331e-01
4.675797100798161909e-01
4.653581836698442720e-01
4.631715027734913948e-01
4.610287220227884952e-01
4.589431938381019482e-01
4.569341917298930245e-01
4.550284674463742074e-01
4.532609917403983002e-01
4.516736622139901902e-01
4.503105858873495126e-01
4.492092711507863489e-01
4.483891669719946571e-01
4.478418217512743493e-01
4.475283189155574437e-01
4.473872595508907035e-01
4.473493297307246652e-01
4.473602490036985846e-01
4.474557480022964273e-01
4.475930348536671932e-01
4.476837112917346206e-01
4.477421251734003960e-01
4.477810707923345901e-01
4.478085168148980832e-01
4.478293220232635874e-01
4.478462046787579642e-01
4.478603178432051246e-01
4.478718200059835786e-01
4.478805166613091804e-01
4.478864039616139436e-01
4.478899234668680673e-01
4.478918802356010587e-01
4.478931387053211033e-01
4.478942928702847048e-01
4.478960386985317288e-01
4.479000375711334470e-01
4.479085613548134948e-01
4.479195155578825638e-01
4.479273869090069637e-01
4.479323123843245713e-01
4.479351693708925053e-01
4.479367535455882621e-01
4.479375773963466534e-01
4.479379209252221661e-01
4.479379584014833715e-01
4.479378354569025222e-01
4.479376342967268942e-01
4.479374525669911344e-01
4.479374541470123594e-01
4.479380508583688525e-01
4.479396718750027762e-01
4.479411312224983455e-01
4.479418263597718664e-01
4.479419434417703516e-01
4.479417635573322287e-01
4.479412543971384997e-01
4.479402457530918258e-01
4.479390876551365697e-01
4.479379533390585033e-01
4.479365222942596203e-01
4.479351472824478209e-01
4.479343636481732394e-01
4.479341035366243839e-01
4.479348729586207223e-01
4.479382091940126154e-01
4.479440324880922253e-01
4.479481369844633409e-01
4.479500134914379261e-01
4.479503310997593468e-01
4.479497870392439296e-01
4.479474853513507604e-01
4.479441020738433865e-01
4.479419987188509866e-01
4.479410139765757637e-01
4.479406206965168002e-01
4.479408697650756332e-01
4.479413161461697213e-01
4.479412148140803351e-01
4.479407730565531098e-01
4.479397960040112370e-01
4.479389123190982147e-01
4.479383875617248822e-01
4.479382637144633250e-01
4.479386319177462439e-01
4.479385503125451473e-01
4.479380088876111499e-01
4.479364458275346128e-01
4.479336047844708069e-01
4.479316688299893601e-01
4.479308271081631210e-01
4.479312630156996877e-01
4.479349544962029639e-01
4.479399320655544359e-01
4.479422992022661365e-01
4.479424937355048209e-01
4.479414481311061458e-01
4.479381759463894053e-01
4.479349877668407642e-01
4.479332629415738731e-01
4.479323380979008951e-01
4.479321425160014969e-01
4.479318585746575598e-01
4.479309797580121599e-01
4.479293033781854283e-01
4.479269400048407346e-01
4.479252638347774318e-01
4.479241208100768756e-01
4.479238380732564195e-01
4.479239611772463103e-01
4.479231823859560202e-01
4.479217349395530623e-01
4.479189962696070726e-01
4.479146983903644630e-01
4.479112257987638013e-01
4.479088334493003809e-01
4.479070358797481166e-01
4.479061738106384083e-01
4.479072709916088191e-01
4.479083282907901364e-01
4.479077882771319574e-01
4.479060019999795417e-01
4.479035224061838627e-01
4.479005505107450658e-01
4.478975660400236758e-01
4.478947006264165087e-01
4.478918438142774905e-01
4.478884606480203479e-01
4.478841424247650416e-01
4.478781742239577590e-01
4.478724844908421598e-01
4.478675989126627011e-01
4.478632420544126358e-01
4.478601244513585322e-01
4.478560261783092189e-01
4.478503137498932030e-01
4.478429768661604804e-01
4.478331165747641562e-01
4.478233196461064436e-01
4.478140015615155178e-01
4.478044117479597075e-01
4.477941145198497952e-01
4.477822861017842770e-01
4.477680771196860809e-01
4.477515987732343938e-01
4.477342392731868959e-01
4.477155635256793720e-01
4.476967131312549197e-01
4.476759399614752555e-01
4.476478655406253004e-01
4.476108060182868997e-01
4.475627876781125281e-01
4.474984442904456072e-01
4.474115658114252159e-01
4.472932583267947293e-01
4.471254759418084590e-01
4.468803459821097390e-01
4.465165716532241702e-01
4.459704811914467770e-01
4.451507131120930882e-01
4.439275925951001178e-01
4.421204756086217214e-01
4.394883894225591892e-01
4.357164983893683785e-01
4.304101659810554703e-01
4.230983715509993859e-01
4.132462444775646393e-01
4.002915992068204476e-01
3.836988205734874757e-01
3.630375455246658833e-01
3.381647048137244038e-01
3.134282224494753244e-01
2.935752310143577848e-01
2.782589446795152854e-01
2.667950284865945876e-01
2.584592928040134185e-01
2.525612319042754850e-01
2.484969515944263907e-01
2.457679206752454160e-01
2.439816957593699542e-01
2.428415478326098054e-01
2.421330085689089029e-01
2.417056459684193692e-01
2.414561239498403677e-01
2.413159478603427444e-01
2.412413778942480991e-01
2.412044941353490290e-01
2.411880225688858015e-01
2.411820919624343418e-01
2.411806024821477323e-01
2.411802669086257345e-01
2.411823084692882035e-01
2.411871992488183458e-01
2.411918029228118932e-01
2.411950198640294418e-01
2.411979307508561599e-01
2.412006235706006529e-01
2.412026714410431538e-01
2.412043103472543693e-01
2.412057523606791765e-01
2.412068472177557599e-01
2.412076707640509465e-01
2.412087798473994682e-01
2.412098613276064396e-01
2.412107705864303953e-01
2.412114576724019022e-01
2.412119514544626697e-01
2.412123403546239386e-01
2.412126699436792088e-01
2.412130124769208683e-01
2.412134772528558846e-01
2.412142494432212292e-01
2.412154642336895027e-01
2.412167488874074894e-01
2.412181056190391693e-01
2.412197346742216975e-01
2.412217502215958376e-01
2.412236595189118926e-01
2.412253016253306515e-01
2.412266206045465544e-01
2.412272618683281022e-01
2.412274059077036403e-01
2.412270861404888500e-01
2.412257671269700809e-01
2.412236349359557219e-01
2.412223054706927328e-01
2.412219125074923365e-01
2.412220413382185902e-01
2.412230603457946043e-01
2.412255620526034816e-01
2.412279842854269107e-01
2.412297929654260153e-01
2.412311662188467709e-01
2.412312303897432286e-01
2.412293172631636562e-01
2.412273506017640345e-01
2.412264334087959317e-01
2.412261184817409698e-01
2.412261167038926291e-01
2.412270237556663754e-01
2.412278340656819620e-01
2.412277076010511112e-01
2.412272947010432600e-01
2.412262920007883504e-01
2.412233658861672736e-01
2.412202011489187059e-01
2.412192737124913555e-01
2.412201837075289290e-01
2.412224529857167066e-01
2.412266420998503136e-01
2.412317233204606393e-01
2.412345873223124271e-01
2.412356255868208232e-01
2.412355738090853907e-01
2.412343990397861904e-01
2.412314115702427764e-01
2.412284155124023444e-01
2.412268551111969306e-01
2.412263576760195205e-01
2.412264903743760736e-01
2.412274249384846747e-01
2.412297518469757596e-01
2.412324650303096507e-01
2.412341654798803581e-01
2.412348835086511045e-01
2.412349963954394938e-01
2.412344731663245700e-01
2.412330719540938806e-01
2.412312591794107119e-01
2.412297251142306032e-01
2.412283918174449870e-01
2.412279444426208286e-01
2.412289567268813550e-01
2.412305754220161469e-01
2.412318906731795443e-01
2.412330565278696937e-01
2.412343274118539938e-01
2.412355743347196768e-01
2.412349227122104756e-01
2.412331295111810048e-01
2.412321952556663041e-01
2.412319092587200398e-01
2.412318207622354271e-01
2.412317702282546772e-01
2.412322539208313910e-01
2.412344711826642785e-01
2.412364265009663555e-01
2.412358204471324874e-01
2.412340037419025418e-01
2.412294269646946820e-01
2.412268364736153137e-01
2.412271409882550399e-01
2.412294189138123324e-01
2.412326061526086640e-01
2.412358161111108901e-01
2.412402893293946471e-01
2.412435270880464167e-01
2.412441401675053665e-01
2.412414539110652734e-01
2.412355108125934233e-01
2.412332452145069805e-01
2.412325803871138985e-01
2.412312930022783297e-01
2.412304094692410417e-01
2.412328272772163718e-01
2.412367670957278609e-01
2.412394866232122626e-01
2.412441197710711582e-01
2.412455964463170732e-01
2.412368982883348889e-01
2.412350231782280918e-01
2.412421364978087901e-01
2.412349498231734224e-01
2.412213016786916853e-01
2.412427465361189349e-01
2.412524508089858577e-01
2.412249777317893862e-01
2.412204922809105256e-01
2.413085170300171278e-01
2.411616744048443450e-01
2.393882810542658779e-01
1.858915097071956735e-01
1.298733546417121798e-01
1.251475934013738800e-01
1.250037313195028477e-01
1.250000940373970082e-01
1.250000023745232169e-01
1.250000000596848682e-01
1.250000000015087931e-01
1.250000000000383582e-01
1.250000000000009714e-01
1.250000000000000278e-01
1.250000000000000000e-01
1.250000000000000000e-01
1.250000000000000000e-01
1.250000000000000000e-01
1.250000000000000000e-01
1.250000000000000000e-01
1.250000000000000000e-01
1.250000000000000000e-01
1.250000000000000000e-01
1.250000000000000000e-01
1.250000000000000000e-01
1.250000000000000000e-01
1.250000000000000000e-01
1.250000000000000000e-01
1.250000000000000000e-01
1.250000000000000000e-01
1.250000000000000000e-01
1.250000000000000000e-01
1.250000000000000000e-01
1.250000000000000000e-01
1.250000000000000000e-01
1.250000000000000000e-01
1.250000000000000000e-01
1.250000000000000000e-01
1.250000000000000000e-01
1.250000000000000000e-01
1.250000000000000000e-01
1.250000000000000000e-01
1.250000000000000000e-01
1.250000000000000000e-01
1.250000000000000000e-01
1.250000000000000000e-01
1.250000000000000000e-01
1.250000000000000000e-01
1.250000000000000000e-01
1.250000000000000000e-01
1.250000000000000000e-01
1.250000000000000000e-01
1.250000000000000000e-01
1.250000000000000000e-01
1.250000000000000000e-01
1.250000000000000000e-01
1.250000000000000000e-01
1.250000000000000000e-01
1.250000000000000000e-01
1.250000000000000000e-01
1.250000000000000000e-01
1.250000000000000000e-01
1.250000000000000000e-01
1.250000000000000000e-01
1.250000000000000000e-01
1.250000000000000000e-01
1.250000000000000000e-01
1.250000000000000000e-01
1.250000000000000000e-01
1.250000000000000000e-01
1.250000000000000000e-01
1.250000000000000000e-01
1.250000000000000000e-01
1.250000000000000000e-01
1.250000000000000000e-01
1.250000000000000000e-01
1.250000000000000000e-01
1.250000000000000000e-01
1.250000000000000000e-01
1.250000000000000000e-01
1.250000000000000000e-01
1.250000000000000000e-01
1.250000000000000000e-01
1.250000000000000000e-01
1.250000000000000000e-01
1.250000000000000000e-01
1.250000000000000000e-01
1.250000000000000000e-01
1.250000000000000000e-01
1.250000000000000000e-01
1.250000000000000000e-01
1.250000000000000000e-01
1.250000000000000000e-01
1.250000000000000000e-01
1.250000000000000000e-01
1.250000000000000000e-01
1.250000000000000000e-01
1.250000000000000000e-01
1.250000000000000000e-01
1.250000000000000000e-01
1.250000000000000000e-01
1.250000000000000000e-01
1.250000000000000000e-01
1.250000000000000000e-01
1.250000000000000000e-01
1.250000000000000000e-01
1.250000000000000000e-01
1.250000000000000000e-01
1.250000000000000000e-01
1.250000000000000000e-01
1.250000000000000000e-01
1.250000000000000000e-01
