1.000000000000000888e+00
1.000000000000000888e+00
1.000000000000000888e+00
1.000000000000000888e+00
1.000000000000000888e+00
1.000000000000000888e+00
1.000000000000000888e+00
1.000000000000000888e+00
1.000000000000000888e+00
1.000000000000000888e+00
1.000000000000000888e+00
1.000000000000000888e+00
1.000000000000000888e+00
1.000000000000000888e+00
1.000000000000000888e+00
1.000000000000000888e+00
1.000000000000000888e+00
1.000000000000000888e+00
1.000000000000000888e+00
1.000000000000000888e+00
1.000000000000000888e+00
1.000000000000000888e+00
1.000000000000000888e+00
1.000000000000000888e+00
1.000000000000000888e+00
1.000000000000000888e+00
1.000000000000000888e+00
1.000000000000000888e+00
1.000000000000000888e+00
1.000000000000000888e+00
1.000000000000000888e+00
1.000000000000000888e+00
1.000000000000000888e+00
1.000000000000000888e+00
1.000000000000000888e+00
1.000000000000000888e+00
1.000000000000000888e+00
1.000000000000000888e+00
1.000000000000000888e+00
1.000000000000000888e+00
1.000000000000000888e+00
1.000000000000000888e+00
1.000000000000000888e+00
1.000000000000000888e+00
1.000000000000000888e+00
1.000000000000000888e+00
1.000000000000000888e+00
1.000000000000000888e+00
1.000000000000000888e+00
1.000000000000000888e+00
1.000000000000000888e+00
1.000000000000000888e+00
1.000000000000000888e+00
1.000000000000000888e+00
1.000000000000000888e+00
1.000000000000000888e+00
1.000000000000000888e+00
1.000000000000000888e+00
1.000000000000000888e+00
1.000000000000000888e+00
1.000000000000000888e+00
1.000000000000000888e+00
1.000000000000000888e+00
1.000000000000000888e+00
1.000000000000000888e+00
1.000000000000000888e+00
1.000000000000000888e+00
1.000000000000000888e+00
1.000000000000000888e+00
1.000000000000000888e+00
1.000000000000000888e+00
1.000000000000000888e+00
1.000000000000000888e+00
1.000000000000000888e+00
1.000000000000000888e+00
1.000000000000000888e+00
1.000000000000000888e+00
1.000000000000000888e+00
1.000000000000000888e+00
1.000000000000000888e+00
1.000000000000000888e+00
1.000000000000000888e+00
1.000000000000000888e+00
1.000000000000000888e+00
1.000000000000000888e+00
1.000000000000000888e+00
1.000000000000001332e+00
1.000000000000002220e+00
1.000000000000002442e+00
1.000000000000003775e+00
1.000000000000004663e+00
1.000000000000004441e+00
1.000000000000005329e+00
1.000000000000005773e+00
1.000000000000006883e+00
1.000000000000007550e+00
1.000000000000009104e+00
1.000000000000008660e+00
1.000000000000009548e+00
1.000000000000011324e+00
1.000000000000010880e+00
1.000000000000012212e+00
1.000000000000012879e+00
1.000000000000012212e+00
1.000000000000014877e+00
1.000000000000014877e+00
1.000000000000016209e+00
1.000000000000016431e+00
1.000000000000016875e+00
1.000000000000015987e+00
1.000000000000018208e+00
1.000000000000017986e+00
1.000000000000019096e+00
1.000000000000019984e+00
1.000000000000020206e+00
1.000000000000022204e+00
1.000000000000024203e+00
1.000000000000024203e+00
1.000000000000023537e+00
1.000000000000024869e+00
1.000000000000024869e+00
1.000000000000026423e+00
1.000000000000027756e+00
1.000000000000027756e+00
1.000000000000027089e+00
1.000000000000027311e+00
1.000000000000029976e+00
1.000000000000029976e+00
1.000000000000031086e+00
1.000000000000032419e+00
1.000000000000033973e+00
1.000000000000033973e+00
1.000000000000034861e+00
1.000000000000034639e+00
1.000000000000036637e+00
1.000000000000033307e+00
1.000000000000036859e+00
1.000000000000038414e+00
1.000000000000039746e+00
1.000000000000041300e+00
1.000000000000039746e+00
1.000000000000040856e+00
1.000000000000040190e+00
1.000000000000041966e+00
1.000000000000045075e+00
1.000000000000044853e+00
1.000000000000047518e+00
1.000000000000045075e+00
1.000000000000045297e+00
1.000000000000047962e+00
1.000000000000045297e+00
1.000000000000045741e+00
1.000000000000049960e+00
1.000000000000050626e+00
1.000000000000051736e+00
1.000000000000048406e+00
1.000000000000049072e+00
1.000000000000050848e+00
1.000000000000052625e+00
1.000000000000049738e+00
1.000000000000054845e+00
1.000000000000050848e+00
1.000000000000053513e+00
1.000000000000056621e+00
1.000000000000055511e+00
1.000000000000051958e+00
1.000000000000052180e+00
1.000000000000040190e+00
1.000000000000023537e+00
1.000000000000013989e+00
1.000000000000004219e+00
1.000000000000013101e+00
9.999999999999189537e-01
9.999999999994968469e-01
9.999999999985870192e-01
9.999999999973708809e-01
9.999999999962531083e-01
9.999999999952798868e-01
9.999999999932858152e-01
9.999999999865513134e-01
9.999999999617898983e-01
9.999999999039403953e-01
9.999999998143114244e-01
9.999999997005558638e-01
9.999999995515292950e-01
9.999999990899364199e-01
9.999999979994037558e-01
9.999999959720115017e-01
9.999999916482994466e-01
9.999999834849111480e-01
9.999999657298324074e-01
9.999999283086398183e-01
9.999998462436924251e-01
9.999996694096408012e-01
9.999992983194059271e-01
9.999985284207317804e-01
9.999969462988286262e-01
9.999937377701741958e-01
9.999873323755696930e-01
9.999747580734831276e-01
9.999505572630126293e-01
9.999051253990424160e-01
9.998225548106980387e-01
9.996777499975586512e-01
9.994298505983302272e-01
9.990062733404411199e-01
9.982812730973561477e-01
9.971005799275948212e-01
9.953753056042914382e-01
9.931197659307651193e-01
9.904109746215989940e-01
9.873450211023303558e-01
9.840125956278024111e-01
9.804882233369554001e-01
9.768279329294716762e-01
9.730714898164460891e-01
9.692463204530504806e-01
9.653713299936809156e-01
9.614598367965445647e-01
9.575215378565689051e-01
9.535637271367150003e-01
9.495920346283522884e-01
9.456108878501936488e-01
9.416238172876438828e-01
9.376336704080581175e-01
9.336427674563853030e-01
9.296530171753552008e-01
9.256660036718089568e-01
9.216830522694400285e-01
9.177052799689300322e-01
9.137336345188882269e-01
9.097689249422802327e-01
9.058118455813639613e-01
9.018629952197511068e-01
8.979228924555078262e-01
8.939919881832322224e-01
8.900706758220715553e-01
8.861592997607237177e-01
8.822581623388584537e-01
8.783675295944413097e-01
8.744876360170118490e-01
8.706186885767421835e-01
8.667608702338863713e-01
8.629143429906482865e-01
8.590792504623353532e-01
8.552557199897677931e-01
8.514438644066056883e-01
8.476437835977774782e-01
8.438555659220827732e-01
8.400792894907243014e-01
8.363150232661005212e-01
8.325628279821714051e-01
8.288227569338231238e-01
8.250948566868070433e-01
8.213791677302206828e-01
8.176757250684221212e-01
8.139845587449660025e-01
8.103056942978024146e-01
8.066391531524608194e-01
8.029849529677055564e-01
7.993431079539521367e-01
7.957136291798935224e-01
7.920965248648436097e-01
7.884918006374240784e-01
7.848994597444286514e-01
7.813195032179121036e-01
7.777519300309445605e-01
7.741967372686334725e-01
7.706539203120850168e-01
7.671234730065467078e-01
7.636053877870232487e-01
7.600996557623651562e-01
7.566062667845401268e-01
7.531252095304905581e-01
7.496564716027088737e-01
7.462000396331661678e-01
7.427558993708882618e-01
7.393240357456619671e-01
7.359044329154803554e-01
7.324970743106747895e-01
7.291019426810898540e-01
7.257190201421127584e-01
7.223482882112861603e-01
7.189897278332421093e-01
7.156433194005238363e-01
7.123090427814227077e-01
7.089868773588606787e-01
7.056768020726345014e-01
7.023787954515606780e-01
6.990928356273691247e-01
6.958189003334274148e-01
6.925569668988317273e-01
6.893070122471602890e-01
6.860690129031128404e-01
6.828429450062660777e-01
6.796287843314512411e-01
6.764265063154533131e-01
6.732360860855836071e-01
6.700574984796026090e-01
6.668907180464336282e-01
6.637357190276503838e-01
6.605924753351546386e-01
6.574609605479204699e-01
6.543411479415872645e-01
6.512330105439002592e-01
6.481365211919503100e-01
6.450516525672626011e-01
6.419783772021515622e-01
6.389166674721895589e-01
6.358664955994496326e-01
6.328278336834949336e-01
6.298006537591742671e-01
6.267849278656437706e-01
6.237806281089094407e-01
6.207877267096750806e-01
6.178061960409859665e-01
6.148360086672730596e-01
6.118771373947045067e-01
6.089295553353002433e-01
6.059932359799259372e-01
6.030681532723577432e-01
6.001542816787125423e-01
5.972515962511284471e-01
5.943600726884632479e-01
5.914796873979195624e-01
5.886104175600327393e-01
5.857522411968080212e-01
5.829051372407068055e-01
5.800690856015972008e-01
5.772440672295001685e-01
5.744300641721541423e-01
5.716270596272381432e-01
5.688350379891676800e-01
5.660539848898001880e-01
5.632838872313893352e-01
5.605247332089130508e-01
5.577765123177126361e-01
5.550392153415644181e-01
5.523128343164258602e-01
5.495973624663538226e-01
5.468927941101171530e-01
5.441991245387867160e-01
5.415163498651565099e-01
5.388444668450033115e-01
5.361834726687728647e-01
5.335333647214590691e-01
5.308941403088655031e-01
5.282657963493027076e-01
5.256483290294022837e-01
5.230417334194572554e-01
5.204460030373155854e-01
5.178611293419190797e-01
5.152871011308286509e-01
5.127239038131762294e-01
5.101715185320395696e-01
5.076299211186152682e-01
5.050990808744942884e-01
5.025789591975629023e-01
5.000695080914985269e-01
4.975706686282313496e-01
4.950823694656955598e-01
4.926045255567361725e-01
4.901370372145556487e-01
4.876797897196041287e-01
4.852326536562183712e-01
4.827954861493131133e-01
4.803681331281337008e-01
4.779504326690064975e-01
4.755422193432466971e-01
4.731433292780422017e-01
4.707536052733445331e-01
4.683729007998209126e-01
4.660010811768092176e-01
4.636380200657279627e-01
4.612835901218976242e-01
4.589376485455248234e-01
4.566000210843764173e-01
4.542704908131344199e-01
4.519487997713196870e-01
4.496346728905344925e-01
4.473278782124399666e-01
4.450283529683137784e-01
4.427364742236771233e-01
4.404536908963190278e-01
4.381840688720736732e-01
4.359380307593748727e-01
4.337406096708432690e-01
4.316464508759329521e-01
4.297594807560965458e-01
4.282408521523608513e-01
4.272487895334340369e-01
4.267331126802223484e-01
4.264678861807922883e-01
4.262993897924661213e-01
4.261453288006513684e-01
4.259655224669069984e-01
4.257833830125838381e-01
4.256624359722617768e-01
4.256554478329810931e-01
4.257297297317153562e-01
4.258497356634667885e-01
4.259822174593281274e-01
4.260991100322958358e-01
4.261849343953874603e-01
4.262400704568837240e-01
4.262752686074363639e-01
4.263026118698971523e-01
4.263289314740913993e-01
4.263542383907852895e-01
4.263748375620177722e-01
4.263877778060312096e-01
4.263918016852560333e-01
4.263860184763979544e-01
4.263700258253624864e-01
4.263482068601774921e-01
4.263315733311186517e-01
4.263251096353745107e-01
4.263229954211220640e-01
4.263196931970145154e-01
4.263111526333645540e-01
4.262968358660504942e-01
4.262821193161784872e-01
4.262726522820587949e-01
4.262738753834391936e-01
4.262877778814757046e-01
4.263117158679995966e-01
4.263384454389097522e-01
4.263559980848385389e-01
4.263604928894358381e-01
4.263568583525936817e-01
4.263508480459763939e-01
4.263464130038561728e-01
4.263473995361772295e-01
4.263554998099162718e-01
4.263674003884727615e-01
4.263763328804544561e-01
4.263768447691382857e-01
4.263671089378120449e-01
4.263495132967911605e-01
4.263277012461200721e-01
4.263084314230451422e-01
4.263024194880813966e-01
4.263076421229908819e-01
4.263156607321599290e-01
4.263214300659973754e-01
4.263203987037247344e-01
4.263104105445437164e-01
4.262983563242364604e-01
4.262933502926523066e-01
4.263002772561350073e-01
4.263171757282475105e-01
4.263400538569455112e-01
4.263619826969869964e-01
4.263724616213984131e-01
4.263681425674087921e-01
4.263558383591913303e-01
4.263412655966853926e-01
4.263306713619560151e-01
4.263281519167508304e-01
4.263325510000432472e-01
4.263404079001278379e-01
4.263480144869141730e-01
4.263504718845386177e-01
4.263437097605986548e-01
4.263298918808516302e-01
4.263119541595578044e-01
4.262931274566945095e-01
4.262805876447790521e-01
4.262819035649185739e-01
4.262967092738622066e-01
4.263145119390674420e-01
4.263226562079569515e-01
4.263162812181477967e-01
4.263036014894229786e-01
4.262925392396710866e-01
4.262868564064739019e-01
4.262875545371187513e-01
4.262965469486057479e-01
4.263127673849945731e-01
4.263315702064530699e-01
4.263470661318078392e-01
4.263553171153038335e-01
4.263545573486638984e-01
4.263450286575082848e-01
4.263304623441797614e-01
4.263153656286272630e-01
4.263038735153573677e-01
4.262991879925244754e-01
4.263024870069542227e-01
4.263105229063164914e-01
4.263200890185770420e-01
4.263278308875887435e-01
4.263276286211454269e-01
4.263154747257877908e-01
4.262984560980001558e-01
4.262890556250283347e-01
4.262880734286020323e-01
4.262894725631812265e-01
4.262854222939396753e-01
4.262809428001357870e-01
4.262817645489279106e-01
4.262904736864802646e-01
4.263003870051221278e-01
4.263074085016924641e-01
4.263143640351441110e-01
4.263256838787005121e-01
4.263364954140971275e-01
4.263395678726052962e-01
4.263350610921366468e-01
4.263291036195749895e-01
4.263243287803195058e-01
4.263242440009519241e-01
4.263335975353974572e-01
4.263455108522755665e-01
4.263537430906525483e-01
4.263569232785787144e-01
4.263542297292425287e-01
4.263407718644382505e-01
4.263112563881777395e-01
4.262710799565587738e-01
4.262334534411387765e-01
4.262220144481009831e-01
4.262553749718104301e-01
4.263076338762180062e-01
4.263480459671932232e-01
4.263559673306195341e-01
4.263273106834185588e-01
4.262815097087421790e-01
4.262377718251710301e-01
4.262144062753149276e-01
4.262145195105678797e-01
4.262315288119106760e-01
4.262571458591579154e-01
4.262809485449486346e-01
4.262960185847234351e-01
4.262973202649643634e-01
4.262769387371605490e-01
4.262167722243406787e-01
4.260805568721476866e-01
4.258114537552139534e-01
4.253176846349392970e-01
4.244240102559140304e-01
4.227754150403250089e-01
4.196483286697385018e-01
4.134853283447270655e-01
4.012198213456144025e-01
3.805366685608522204e-01
3.536542784842915399e-01
3.252388561389106258e-01
3.003668187685255009e-01
2.832199608323887619e-01
2.743453293858061914e-01
2.702250107095353071e-01
2.682399441903751125e-01
2.672991183273470961e-01
2.668791538435576483e-01
2.666972297160125072e-01
2.665976632132291968e-01
2.665047469312905593e-01
2.663793729142327482e-01
2.661333333021556613e-01
2.657193626949506116e-01
2.652525417485691595e-01
2.648668089959907435e-01
2.647018598637398967e-01
2.648436715156716192e-01
2.652117541766870756e-01
2.656872766255390927e-01
2.661516023711240631e-01
2.664857365918920640e-01
2.665941301139043151e-01
2.664564927632331326e-01
2.661419274476315988e-01
2.657295514994015284e-01
2.653093764454841907e-01
2.649738970951402983e-01
2.648113039512813849e-01
2.648631899924183131e-01
2.650750124338970282e-01
2.653847423749893242e-01
2.657267166842235406e-01
2.660366161928508499e-01
2.662547346934384107e-01
2.663226774989237988e-01
2.662147714800184861e-01
2.659731421363054071e-01
2.656557889287387009e-01
2.653333053364711480e-01
2.650722272342153629e-01
2.649297448842882763e-01
2.649452700476907507e-01
2.650929002619667463e-01
2.653275776412069020e-01
2.655991686135835139e-01
2.658548961272310107e-01
2.660489135972293750e-01
2.661409208083263533e-01
2.660971798552553280e-01
2.659359965677586257e-01
2.657026962220219168e-01
2.654460050579301456e-01
2.652145797632118884e-01
2.650535724161013906e-01
2.650023665807748063e-01
2.650778142277646632e-01
2.652485704361637886e-01
2.654764541439501579e-01
2.657214997565568448e-01
2.659426295860859435e-01
2.661002413246660869e-01
2.661577159921535984e-01
2.660876141066629841e-01
2.659087337618182834e-01
2.656621592232953910e-01
2.653980402888368451e-01
2.651729900027574582e-01
2.650460652569294195e-01
2.650567758945408525e-01
2.651895572197479622e-01
2.653924079097587096e-01
2.656248635943523895e-01
2.658486662200362227e-01
2.660252160348794970e-01
2.661096443930170974e-01
2.660620948762200677e-01
2.658978103584000996e-01
2.656648750228161604e-01
2.654111418936560551e-01
2.651830162111412648e-01
2.650270425676565234e-01
2.649878498479772970e-01
2.650767715422707171e-01
2.652580602386577779e-01
2.654919170203409173e-01
2.657377911072407728e-01
2.659564228256185991e-01
2.661103200317386230e-01
2.661626661928713777e-01
2.660869456271877653e-01
2.659027202754746799e-01
2.656538408520570105e-01
2.653889638956681285e-01
2.651590412563698540e-01
2.650154919611160675e-01
2.650043967775591591e-01
2.651265244243765640e-01
2.653346803677595900e-01
2.655742843829841382e-01
2.658036090208487634e-01
2.659952874583541016e-01
2.661211938182064252e-01
2.661437580204873976e-01
2.660343580579497269e-01
2.658137543934548930e-01
2.655446268557656864e-01
2.652907321736472923e-01
2.650896124143327093e-01
2.649774393890252933e-01
2.649939149435484587e-01
2.651382609133361989e-01
2.653679815405903253e-01
2.656305413197578291e-01
2.658736546271985857e-01
2.660590625737421777e-01
2.661583947793262350e-01
2.661436805384748139e-01
2.660034709962662003e-01
2.657680432743856347e-01
2.654833215198882934e-01
2.652021754496310946e-01
2.649973685923758260e-01
2.649350521911899570e-01
2.650122423179605557e-01
2.651840830375855607e-01
2.654043412964037785e-01
2.655990836662049381e-01
2.656193989094960406e-01
2.648301752932955000e-01
2.610801359358465579e-01
2.473723810962364100e-01
2.033678753046601340e-01
1.493149903420649405e-01
1.291133905283120831e-01
1.256563550339668822e-01
1.251008605869852741e-01
1.250154189683282124e-01
1.250023547973576621e-01
1.250003595549953050e-01
1.250000547810286855e-01
1.250000081741534652e-01
1.250000011265136601e-01
1.250000000853129234e-01
1.250000000040499826e-01
1.250000000124681931e-01
1.250000000022957469e-01
1.249999999991460858e-01
1.250000000007943646e-01
1.250000000000643929e-01
1.249999999999368006e-01
1.250000000000245359e-01
1.250000000000126843e-01
1.250000000000024147e-01
1.250000000000054956e-01
1.250000000000060785e-01
1.250000000000052180e-01
1.250000000000049960e-01
1.250000000000052180e-01
1.250000000000049405e-01
1.250000000000048850e-01
1.250000000000046074e-01
1.250000000000048295e-01
1.250000000000050238e-01
1.250000000000043576e-01
1.250000000000047740e-01
1.250000000000044964e-01
1.250000000000049127e-01
1.250000000000041078e-01
1.250000000000043854e-01
1.250000000000047462e-01
1.250000000000045242e-01
1.250000000000038858e-01
1.250000000000043576e-01
1.250000000000042466e-01
1.250000000000038025e-01
1.250000000000040523e-01
1.250000000000037192e-01
1.250000000000034972e-01
1.250000000000037470e-01
1.250000000000034417e-01
1.250000000000034972e-01
1.250000000000034139e-01
1.250000000000033584e-01
1.250000000000032474e-01
1.250000000000030254e-01
1.250000000000033029e-01
1.250000000000030254e-01
1.250000000000029421e-01
1.250000000000030254e-01
1.250000000000028033e-01
1.250000000000025535e-01
1.250000000000026090e-01
1.250000000000024980e-01
1.250000000000024980e-01
1.250000000000022760e-01
1.250000000000021649e-01
1.250000000000020539e-01
1.250000000000022204e-01
1.250000000000022204e-01
1.250000000000019706e-01
1.250000000000017764e-01
1.250000000000018874e-01
1.250000000000015266e-01
1.250000000000016931e-01
1.250000000000016653e-01
1.250000000000014433e-01
1.250000000000012212e-01
1.250000000000014155e-01
1.250000000000012768e-01
1.250000000000009992e-01
1.250000000000006106e-01
1.250000000000010547e-01
1.250000000000007494e-01
1.250000000000007494e-01
1.250000000000006106e-01
1.250000000000007216e-01
1.250000000000006661e-01
1.250000000000007216e-01
1.250000000000004996e-01
1.250000000000003053e-01
1.250000000000004718e-01
1.250000000000001110e-01
1.250000000000001110e-01
1.250000000000002776e-01
1.250000000000001110e-01
1.250000000000001110e-01
1.250000000000001943e-01
1.250000000000001110e-01
1.250000000000001110e-01
1.250000000000001110e-01
1.250000000000001110e-01
1.250000000000001110e-01
1.250000000000001110e-01
1.250000000000001110e-01
1.250000000000001110e-01
1.250000000000001110e-01
1.250000000000001110e-01
1.250000000000001110e-01
1.250000000000001110e-01
1.250000000000001110e-01
1.250000000000001110e-01
1.250000000000001110e-01
1.250000000000001110e-01
1.250000000000001110e-01
1.250000000000001110e-01
1.250000000000001110e-01
1.250000000000001110e-01
1.250000000000001110e-01
1.250000000000001110e-01
1.250000000000001110e-01
1.250000000000001943e-01
