1.485806503710556947e-01
1.485851006197530244e-01
1.485939460012430102e-01
1.486070955415126627e-01
1.486244395485314118e-01
1.486458773329111527e-01
1.486713467656738674e-01
1.487008495227190308e-01
1.487344673149544605e-01
1.487723657813637412e-01
1.488147845650827361e-01
1.488620142690410819e-01
1.489143631933595446e-01
1.489721185472202003e-01
1.490355078108230868e-01
1.491046659253371376e-01
1.491796130924003261e-01
1.492602464508561710e-01
1.493463471202224058e-01
1.494376024069378195e-01
1.495336414759068366e-01
1.496340809910339797e-01
1.497385759439996966e-01
1.498468706560007468e-01
1.499588459933484108e-01
1.500745778579256340e-01
1.501944133171377316e-01
1.503190679389428408e-01
1.504500319609281822e-01
1.505859617815236140e-01
1.507235345001640414e-01
1.508619908368320772e-01
1.510017936380683157e-01
1.511447738581389311e-01
1.512913336081146976e-01
1.514406059059420495e-01
1.515912977775751291e-01
1.517418680285954613e-01
1.518906927345868574e-01
1.520360857171914326e-01
1.521776167174542782e-01
1.523180807171944651e-01
1.524583139389433240e-01
1.525979745371957574e-01
1.527353973469145754e-01
1.528697631519434497e-01
1.530014635426649172e-01
1.531312076659813448e-01
1.532597580946632176e-01
1.533878019518149505e-01
1.535158714045614381e-01
1.536443471639151737e-01
1.537735117053063427e-01
1.539036202995071878e-01
1.540349702975887525e-01
1.541679774215698739e-01
1.543032511506733095e-01
1.544414810851331421e-01
1.545811325542806314e-01
1.547210668132404932e-01
1.548612326491917712e-01
1.550021888475576759e-01
1.551454886896339869e-01
1.552916509467812678e-01
1.554404236449882792e-01
1.555914096814335901e-01
1.557441651364551150e-01
1.558983161254768879e-01
1.560535970707217501e-01
1.562098423212596454e-01
1.563669477796874319e-01
1.565248309126976156e-01
1.566834049760498504e-01
1.568425713079729111e-01
1.570022244312258841e-01
1.571622618186461484e-01
1.573225918756797348e-01
1.574831373318844319e-01
1.576438344979438910e-01
1.578046304604183159e-01
1.579654803454733081e-01
1.581263458831027313e-01
1.582871954885893273e-01
1.584480054388583969e-01
1.586087615220247993e-01
1.587694606501562355e-01
1.589301121284703022e-01
1.590907384193437080e-01
1.592513752619246770e-01
1.594120709623138010e-01
1.595728846418721647e-01
1.597338832691237165e-01
1.598951374334096898e-01
1.600567160355769736e-01
1.602186803187944930e-01
1.603810778670049786e-01
1.605439372997531922e-01
1.607072643565286285e-01
1.608710398858950452e-01
1.610352199732064116e-01
1.611997381256655704e-01
1.613645091564756551e-01
1.615294342261666682e-01
1.616944064372481948e-01
1.618593164305409671e-01
1.620240575599728727e-01
1.621885303823273616e-01
1.623526463520243712e-01
1.625163307310821814e-01
1.626795247987060933e-01
1.628421874768695432e-01
1.630042964875090539e-01
1.631658491326470617e-01
1.633268627511025028e-01
1.634873748652371783e-01
1.636474429960517174e-01
1.638071440999689377e-01
1.639665735694862125e-01
1.641258437426049432e-01
1.642850818786784906e-01
1.644444275764982144e-01
1.646040296303931949e-01
1.647640423392735531e-01
1.649246213021174357e-01
1.650859187550984541e-01
1.652480785349625947e-01
1.654112307929814785e-01
1.655754866334460396e-01
1.657409329062686787e-01
1.659076274374798599e-01
1.660755950251811275e-01
1.662448245526238211e-01
1.664152675651237034e-01
1.665868386141774737e-01
1.667594175840993453e-01
1.669328540851039433e-01
1.671069738340216215e-01
1.672815867705302884e-01
1.674564964961944846e-01
1.676315104949515633e-01
1.678064505095996639e-01
1.679811624157808159e-01
1.681555249540101216e-01
1.683294567475107917e-01
1.685029211409857230e-01
1.686759285332470049e-01
1.688485360350788222e-01
1.690208444533257970e-01
1.691929927732179206e-01
1.693651504732439361e-01
1.695375081495857639e-01
1.697102670366861521e-01
1.698836280703980295e-01
1.700577811382573690e-01
1.702328951048114325e-01
1.704091091209851971e-01
1.705865256568417920e-01
1.707652056120081419e-01
1.709451656517669005e-01
1.711263775000131937e-01
1.713087684369079544e-01
1.714922222021391662e-01
1.716765804564638342e-01
1.718616467946713078e-01
1.720471966087129545e-01
1.722329946239825882e-01
1.724188166077578743e-01
1.726044638741864867e-01
1.727897552515314239e-01
1.729744832416552913e-01
1.731583381556285328e-01
1.733408198640845332e-01
1.735211614951202852e-01
1.736983201491019424e-01
1.738736756539883688e-01
1.740489166594409720e-01
1.742240869569555706e-01
1.743976418264437944e-01
1.745676893778947969e-01
1.747346470755769821e-01
1.748991362269354810e-01
1.750616273893215169e-01
1.752223486114481976e-01
1.753813346171345378e-01
1.755385442669396279e-01
1.756939506813348928e-01
1.758475809130042311e-01
1.759995084928164810e-01
1.761498230140288168e-01
1.762985965759445439e-01
1.764458557871000643e-01
1.765915621952027503e-01
1.767356043486088824e-01
1.768778063484216234e-01
1.770179558237864326e-01
1.771558475805650457e-01
1.772913316473179457e-01
1.774243508170795791e-01
1.775549554484729120e-01
1.776832913589194152e-01
1.778095662226303886e-01
1.779340067570007178e-01
1.780568205842484319e-01
1.781781729627454902e-01
1.782981818497487714e-01
1.784169279738138103e-01
1.785344722826251729e-01
1.786508724090595523e-01
1.787661921643451113e-01
1.788805021073736068e-01
1.789938732291278811e-01
1.791063683577722443e-01
1.792180364458670350e-01
1.793289135331366246e-01
1.794390314918377916e-01
1.795484325603717568e-01
1.796571850927102532e-01
1.797653946834774641e-01
1.798732052989318597e-01
1.799807872114208562e-01
1.800883119037482716e-01
1.801959178726541821e-01
1.803036745347777470e-01
1.804115533969384011e-01
1.805194155812834822e-01
1.806270222018145633e-01
1.807340689387882671e-01
1.808402392688432947e-01
1.809452640531788725e-01
1.810489711138766056e-01
1.811513092924995350e-01
1.812523380286423236e-01
1.813521841782419763e-01
1.814509790394366606e-01
1.815487960842452897e-01
1.816456105651624853e-01
1.817412954796879809e-01
1.818356568260598161e-01
1.819284990184753537e-01
1.820197028075687673e-01
1.821092949369889913e-01
1.821974903818432967e-01
1.822846926364970477e-01
1.823714445537783224e-01
1.824583329840309132e-01
1.825458659419658125e-01
1.826343578293328218e-01
1.827238665512989635e-01
1.828142148125519728e-01
1.829050943802638662e-01
1.829962117798211718e-01
1.830874132750474614e-01
1.831787438466812024e-01
1.832704391593648341e-01
1.833628863300324208e-01
1.834565880148358585e-01
1.835521288008634955e-01
1.836501106810584094e-01
1.837510317653475167e-01
1.838551299472721834e-01
1.839622601705824811e-01
1.840718787099012987e-01
1.841831803851810001e-01
1.842954024243827760e-01
1.844082052601531685e-01
1.845192644030776152e-01
1.846259671529124902e-01
1.847278059293259445e-01
1.848250184498928528e-01
1.849183537925906673e-01
1.850088281084919517e-01
1.850975075881518273e-01
1.851852829996434024e-01
1.852727652050329965e-01
1.853603754452265162e-01
1.854488203182868000e-01
1.855408937256531887e-01
1.856475801949573345e-01
1.858106184064113875e-01
1.861902196507849161e-01
1.873527493202158944e-01
1.901287788549056723e-01
1.952794370992965434e-01
2.036977207814164581e-01
2.163687121444393124e-01
2.343298170645737311e-01
2.586224624232921210e-01
2.902349180590669264e-01
3.300404525245752008e-01
3.787366779885465440e-01
4.367918344970921907e-01
5.044015784299591409e-01
5.814578847884107615e-01
6.675319501584763282e-01
7.618744594358104472e-01
8.634324403021649275e-01
9.708730994804457559e-01
1.082614579166727431e+00
1.196893251988219609e+00
1.311849663761752494e+00
1.425621568123931482e+00
1.536457973865638316e+00
1.642798430823417810e+00
1.743220929284539755e+00
1.836223257151198274e+00
1.919772397272970776e+00
1.990601117957740307e+00
2.043276701198169842e+00
2.069464115316466568e+00
2.081244037505197486e+00
2.091786312366741729e+00
2.102267726543094017e+00
2.112740837383781933e+00
2.123159810285250693e+00
2.133486055124575564e+00
2.143706751990556825e+00
2.153827640640380903e+00
2.163853731015896287e+00
2.173777837249624589e+00
2.183581974018367511e+00
2.193257845336489709e+00
2.202485193198349123e+00
2.243733397802432084e+00
3.697183528666817320e+00
5.115322866177480776e+00
5.233851764225207148e+00
5.189017549777060978e+00
5.119172830691633536e+00
5.071005194249045722e+00
5.015494371959516862e+00
4.952813869807554781e+00
4.889537528465913496e+00
4.825511557160381493e+00
4.760452922421421817e+00
4.694952330257386564e+00
4.629389414198024078e+00
4.565316486718445255e+00
4.504435419409176689e+00
4.445365950734996296e+00
4.392136757769917743e+00
4.351215581416041367e+00
4.322187546290908067e+00
4.302556126042377471e+00
4.289671749657260946e+00
4.281268015663665771e+00
4.275375996340478935e+00
4.269713040817541660e+00
4.262652287965427611e+00
4.253194404077317081e+00
4.240487698586887788e+00
4.224393341587281192e+00
4.205127744800067902e+00
4.183236350249741164e+00
4.159676160899581809e+00
4.135297957700980298e+00
4.109789005600064549e+00
4.084311027044040365e+00
4.057023106137497948e+00
4.027489206322515614e+00
3.995879043553457688e+00
3.958197629932216355e+00
3.909960508469839002e+00
3.851902459836727299e+00
3.788076289373786043e+00
3.725233897130114880e+00
3.668974825024188924e+00
3.614273592366664456e+00
3.560861187906800840e+00
3.517723723402031322e+00
3.491169627301973666e+00
3.480730717311879108e+00
3.487248101405799439e+00
3.511829887158006702e+00
3.556217779274911006e+00
3.621915993044389825e+00
3.709819575648101164e+00
3.820207797102100677e+00
3.953029561275383408e+00
4.108305994115426074e+00
4.286335460135241249e+00
4.487256798375448774e+00
4.709681798542277420e+00
4.948807439976928180e+00
5.195254919864829013e+00
5.435552365084061144e+00
5.653759942771372060e+00
5.832101393075126872e+00
5.949715628503499332e+00
5.979620053613774466e+00
5.949425617979995806e+00
5.909449408296814532e+00
5.864912489723674405e+00
5.809254478977329939e+00
5.715498028856734969e+00
5.535899582261016860e+00
5.250869994180987987e+00
4.848276010853529883e+00
4.327911182282860203e+00
3.710570753254257781e+00
3.036587703935520466e+00
2.358985228802386924e+00
1.741927359313593993e+00
1.251444197206300180e+00
9.527379224952751136e-01
8.751781990649599718e-01
8.668071153702043841e-01
8.643944664768836716e-01
8.624648070507077158e-01
8.610504700859912264e-01
8.602621004921926495e-01
8.599482429403412231e-01
8.600221224729194258e-01
8.606819171837754023e-01
8.609045535394913573e-01
8.609115408446966766e-01
8.599507569683884078e-01
8.591825911460788667e-01
8.588318814415097924e-01
8.593710801910312558e-01
8.610610314824619360e-01
8.634155434185448730e-01
8.653796623609599781e-01
8.677011536504209976e-01
8.712899890695434690e-01
8.761872221996864774e-01
8.831791951447022226e-01
8.899955480315975276e-01
8.948472951094185168e-01
9.007862025969960440e-01
9.077937174531408582e-01
9.130771949318193803e-01
8.943995058987300739e-01
6.036991511101359453e-01
3.154269620809488361e-01
3.076885972690039939e-01
3.080267121114856899e-01
3.084400260112233338e-01
3.087655203608505317e-01
3.090564841404279672e-01
3.093155387148289748e-01
3.095389110630772933e-01
3.097254558734465202e-01
3.098740132987907181e-01
3.099827808080167224e-01
3.100481059859143129e-01
3.100693467218614829e-01
3.100708287266049634e-01
3.100590996686854450e-01
3.099838380248606251e-01
3.098506578306615689e-01
3.096897989465567935e-01
3.095210061549080738e-01
3.093566778420964170e-01
3.092042230616402487e-01
3.090677383930119926e-01
3.089492380457671272e-01
3.088494303055862034e-01
3.087681754134089518e-01
3.087047133006885491e-01
3.086577602531596076e-01
3.086256181259400266e-01
3.086063196678780485e-01
3.085977803340709258e-01
3.085951414672928328e-01
3.085947510172280528e-01
3.085950518797965225e-01
3.085979757373626398e-01
3.086103151516503273e-01
3.086297855119893296e-01
3.086532670620060759e-01
3.086788143875593970e-01
3.087053006233110297e-01
3.087319562309000509e-01
3.087580318340881202e-01
3.087826872590337390e-01
3.088049785270026715e-01
3.088239257535960736e-01
3.088389052983865901e-01
3.088508997750735174e-01
3.088603536405108430e-01
3.088675129068729763e-01
3.088727422618211538e-01
3.088764846184122725e-01
3.088791628076895668e-01
3.088812145823843780e-01
3.088831952204365572e-01
3.088852597122861421e-01
3.088873928136884883e-01
3.088895269124605214e-01
3.088912922866544619e-01
3.088907577484700240e-01
3.088879545973399754e-01
3.088840554072311839e-01
3.088799041314727045e-01
3.088760706561640146e-01
3.088729064266471647e-01
3.088705302279400322e-01
3.088689326015017222e-01
3.088679770519025536e-01
3.088675280493837216e-01
