5.999999999999999778e-01
5.999999999999999778e-01
5.999999999999999778e-01
5.999999999999999778e-01
5.999999999999999778e-01
5.999999999999999778e-01
5.999999999999999778e-01
5.999999999999999778e-01
5.999999999999999778e-01
5.999999999999999778e-01
5.999999999999999778e-01
5.999999999999999778e-01
5.999999999999999778e-01
5.999999999999999778e-01
5.999999999999999778e-01
5.999999999999999778e-01
5.999999999999999778e-01
5.999999999999999778e-01
5.999999999999999778e-01
5.999999999999999778e-01
5.999999999999999778e-01
5.999999999999999778e-01
5.999999999999999778e-01
5.999999999999999778e-01
5.999999999999999778e-01
5.999999999999999778e-01
5.999999999999999778e-01
5.999999999999999778e-01
5.999999999999999778e-01
5.999999999999999778e-01
5.999999999999999778e-01
5.999999999999999778e-01
5.999999999999999778e-01
5.999999999999999778e-01
5.999999999999999778e-01
5.999999999999999778e-01
5.999999999999999778e-01
5.999999999999999778e-01
5.999999999999999778e-01
5.999999999999999778e-01
5.999999999999999778e-01
5.999999999999999778e-01
5.999999999999999778e-01
5.999999999999999778e-01
5.999999999999999778e-01
5.999999999999999778e-01
5.999999999999999778e-01
5.999999999999999778e-01
5.999999999999999778e-01
5.999999999999999778e-01
5.999999999999999778e-01
5.999999999999999778e-01
5.999999999999999778e-01
5.999999999999999778e-01
5.999999999999999778e-01
5.999999999999999778e-01
5.999999999999999778e-01
5.999999999999999778e-01
5.999999999999999778e-01
5.999999999999999778e-01
5.999999999999999778e-01
5.999999999999999778e-01
5.999999999999999778e-01
5.999999999999999778e-01
5.999999999999999778e-01
5.999999999999999778e-01
5.999999999999999778e-01
5.999999999999999778e-01
5.999999999999999778e-01
5.999999999999999778e-01
5.999999999999999778e-01
5.999999999999999778e-01
5.999999999999999778e-01
5.999999999999999778e-01
5.999999999999999778e-01
5.999999999999999778e-01
5.999999999999999778e-01
5.999999999999999778e-01
5.999999999999999778e-01
5.999999999999999778e-01
5.999999999999999778e-01
5.999999999999999778e-01
5.999999999999999778e-01
5.999999999999999778e-01
5.999999999999999778e-01
5.999999999999999778e-01
5.999999999999999778e-01
5.999999999999999778e-01
5.999999999999999778e-01
5.999999999999999778e-01
5.999999999999999778e-01
5.999999999999999778e-01
5.999999999999999778e-01
5.999999999999999778e-01
5.999999999999999778e-01
5.999999999999999778e-01
5.999999999999999778e-01
5.999999999999999778e-01
5.999999999999999778e-01
5.999999999999999778e-01
5.999999999999999778e-01
5.999999999999999778e-01
5.999999999999999778e-01
5.999999999999999778e-01
5.999999999999999778e-01
5.999999999999999778e-01
5.999999999999999778e-01
5.999999999999999778e-01
5.999999999999999778e-01
5.999999999999999778e-01
5.999999999999999778e-01
5.999999999999999778e-01
5.999999999999999778e-01
5.999999999999999778e-01
5.999999999999999778e-01
5.999999999999999778e-01
5.999999999999999778e-01
5.999999999999999778e-01
5.999999999999999778e-01
6.000000000000000888e-01
6.000000000000000888e-01
6.000000000000000888e-01
6.000000000000000888e-01
6.000000000000000888e-01
6.000000000000000888e-01
6.000000000000000888e-01
6.000000000000000888e-01
6.000000000000000888e-01
6.000000000000000888e-01
6.000000000000000888e-01
6.000000000000000888e-01
6.000000000000000888e-01
6.000000000000000888e-01
6.000000000000000888e-01
6.000000000000000888e-01
6.000000000000000888e-01
6.000000000000000888e-01
6.000000000000000888e-01
6.000000000000000888e-01
6.000000000000000888e-01
6.000000000000000888e-01
6.000000000000000888e-01
6.000000000000000888e-01
6.000000000000000888e-01
6.000000000000000888e-01
6.000000000000000888e-01
6.000000000000000888e-01
6.000000000000000888e-01
6.000000000000000888e-01
6.000000000000000888e-01
6.000000000000000888e-01
6.000000000000000888e-01
6.000000000000000888e-01
6.000000000000000888e-01
6.000000000000000888e-01
6.000000000000000888e-01
6.000000000000000888e-01
6.000000000000000888e-01
6.000000000000000888e-01
6.000000000000000888e-01
6.000000000000000888e-01
6.000000000000000888e-01
6.000000000000000888e-01
6.000000000000000888e-01
6.000000000000000888e-01
6.000000000000000888e-01
6.000000000000000888e-01
6.000000000000000888e-01
6.000000000000000888e-01
6.000000000000000888e-01
6.000000000000000888e-01
6.000000000000000888e-01
6.000000000000000888e-01
6.000000000000000888e-01
6.000000000000000888e-01
6.000000000000004219e-01
6.000000000000018652e-01
6.000000000000073053e-01
6.000000000000286215e-01
6.000000000001110001e-01
6.000000000004235279e-01
6.000000000015981438e-01
6.000000000059729777e-01
6.000000000221427099e-01
6.000000000815139956e-01
6.000000002983182368e-01
6.000000010864722233e-01
6.000000039414944419e-01
6.000000142552481819e-01
6.000000514375086746e-01
6.000001852881513553e-01
6.000006666613124651e-01
6.000023968287016007e-01
6.000086133530405652e-01
6.000309435331251384e-01
6.001111283741633606e-01
6.003988657195558076e-01
6.014290938416266830e-01
6.050847388518202363e-01
6.175905730759779777e-01
6.555110658425705727e-01
7.401783459662274467e-01
8.031790738395022666e-01
8.215764786635291195e-01
8.263213097532517981e-01
8.275761882087393495e-01
8.279333759540026261e-01
8.280459480124883198e-01
8.280933974539140818e-01
8.281331357841325014e-01
8.281721546748973539e-01
8.282120244424641120e-01
8.282454665214211698e-01
8.282745486507171462e-01
8.283009626184612006e-01
8.283211008081002857e-01
8.283355725093667354e-01
8.283473340703872978e-01
8.283535687850183127e-01
8.283468910995288592e-01
8.283129854716231311e-01
8.282259502732083334e-01
8.280455345521157140e-01
8.277044645426552272e-01
8.270896069380898608e-01
8.260229914880367064e-01
8.242364245060744832e-01
8.213250606456893310e-01
8.166984443285619788e-01
8.095322758491378945e-01
7.987075589474138537e-01
7.827614247454592888e-01
7.598605955027748493e-01
7.278269263826372404e-01
6.842807676802670214e-01
6.270414827287754678e-01
5.660515792660275602e-01
5.156259550607099618e-01
4.765151056325928614e-01
4.475817328704366216e-01
4.269826918205750221e-01
4.128147700674201781e-01
4.033728447535511186e-01
3.972615862155314259e-01
3.934131842538912127e-01
3.910516973066683888e-01
3.896374575959443143e-01
3.888089927490408493e-01
3.883325811716218934e-01
3.880622166746217627e-01
3.879091286258117832e-01
3.878210600463257163e-01
3.877686151638522483e-01
3.877356641695747230e-01
3.877126532924608515e-01
3.876946148934410918e-01
3.876799398476831193e-01
3.876671408641684247e-01
3.876547702840288934e-01
3.876421440479403957e-01
3.876289058899431983e-01
3.876144835349865092e-01
3.875979317428123738e-01
3.875794282633560073e-01
3.875593109941461445e-01
3.875376974120900986e-01
3.875143549041389357e-01
3.874888799605115119e-01
3.874603567473837162e-01
3.874275064702157323e-01
3.873878962938334114e-01
3.873381744209238864e-01
3.872756127478397814e-01
3.871947645521177095e-01
3.871036528079508932e-01
3.870347410193493709e-01
3.869947083949804023e-01
3.869793042492812862e-01
3.869778594850795672e-01
3.869932364903546085e-01
3.870455722414365973e-01
3.871599267663743960e-01
3.873653388991461499e-01
3.876925073916913655e-01
3.881712046808867833e-01
3.888279293211847065e-01
3.896818720783942203e-01
3.907433896585627564e-01
3.920140546505466173e-01
3.934865369947734837e-01
3.951525390510010616e-01
3.969136015913516946e-01
3.985475160130664274e-01
4.000283424228652240e-01
4.013514340267706482e-01
4.025129669547679589e-01
4.035113351159289596e-01
4.043487168382681185e-01
4.050323785174983482e-01
4.055744563796727653e-01
4.059913486775975633e-01
4.063023744671320769e-01
4.065276639939603420e-01
4.066862942419807725e-01
4.067942689385684596e-01
4.068655225039982670e-01
4.069113367813717574e-01
4.069398907132976695e-01
4.069572002841475578e-01
4.069680115476050353e-01
4.069751092737086684e-01
4.069795898193963035e-01
4.069822241546431352e-01
4.069840693209594296e-01
4.069858532601975387e-01
4.069876368099723529e-01
4.069888815979537666e-01
4.069895539733486278e-01
4.069897519276452491e-01
4.069893989751777186e-01
4.069883662939086655e-01
4.069868832212548693e-01
4.069859415316043338e-01
4.069855629228623095e-01
4.069855348306669618e-01
4.069857022834388882e-01
4.069860926173289872e-01
4.069868079188192489e-01
4.069875134441682807e-01
4.069879302029374979e-01
4.069881068869654062e-01
4.069880628772200026e-01
4.069879806422302404e-01
4.069881861651557520e-01
4.069887032766049129e-01
4.069895287474219470e-01
4.069907812772516897e-01
4.069925817418441616e-01
4.069949262443812721e-01
4.069974740755170073e-01
4.069997535674920175e-01
4.070014859306615440e-01
4.070027121616706101e-01
4.070034811950121179e-01
4.070037767186577837e-01
4.070035785682847296e-01
4.070028626005396943e-01
4.070014703115628629e-01
4.069998585062352681e-01
4.069984315723379487e-01
4.069970769107728037e-01
4.069956434424699121e-01
4.069940913813344663e-01
4.069926010193295474e-01
4.069913153648199722e-01
4.069902471486325779e-01
4.069891980896856998e-01
4.069881937557418561e-01
4.069872010936325668e-01
4.069864828269867396e-01
4.069861843028073078e-01
4.069861320196969112e-01
4.069862093716217211e-01
4.069864691905976106e-01
4.069870375335824519e-01
4.069878250078393100e-01
4.069885563960771169e-01
4.069892413094075012e-01
4.069899658644948182e-01
4.069907740199210644e-01
4.069916209747639901e-01
4.069923429118811331e-01
4.069929073848448930e-01
4.069934526632719707e-01
4.069940947814016940e-01
4.069948794576991324e-01
4.069958878461293339e-01
4.069972141990146342e-01
4.069985750463064877e-01
4.069994442833526072e-01
4.069998385854705636e-01
4.069998557269916550e-01
4.069995777756673649e-01
4.069989518341093349e-01
4.069977102643768663e-01
4.069955781176806675e-01
4.069926069721090389e-01
4.069893143912615696e-01
4.069858514957667706e-01
4.069828165732430336e-01
4.069807866690944853e-01
4.069795571443584614e-01
4.069790518765410425e-01
4.069791755706611558e-01
4.069796805483308355e-01
4.069800878061601290e-01
4.069803025201007562e-01
4.069804489950847870e-01
4.069807873247400232e-01
4.069814038447793769e-01
4.069822723631172923e-01
4.069832369619478807e-01
4.069839754903827322e-01
4.069844879566186790e-01
4.069847880216887481e-01
4.069848935816749447e-01
4.069848128894554273e-01
4.069845371407773138e-01
4.069841530618011349e-01
4.069837248916695627e-01
4.069832438390889040e-01
4.069827148275962370e-01
4.069822821586979167e-01
4.069822852470542651e-01
4.069828370214351732e-01
4.069835299779565596e-01
4.069839401075893703e-01
4.069839680450796360e-01
4.069837515764013203e-01
4.069832902402041874e-01
4.069823844932557999e-01
4.069807787744293415e-01
4.069782565909446648e-01
4.069746116177047623e-01
4.069702662649837821e-01
4.069666710399960086e-01
4.069641933047553617e-01
4.069626954845298461e-01
4.069618585351131301e-01
4.069612596927932868e-01
4.069608106209178233e-01
4.069608472267715049e-01
4.069615696347630984e-01
4.069622896352496633e-01
4.069623252829405735e-01
4.069617561318893406e-01
4.069609543586401590e-01
4.069601352613287926e-01
4.069591462719273633e-01
4.069576264772252761e-01
4.069555982370004488e-01
4.069537322606496255e-01
4.069522187009568803e-01
4.069506358807022939e-01
4.069486853231443213e-01
4.069465542207356679e-01
4.069448238842515164e-01
4.069435862688715599e-01
4.069420021757055861e-01
4.069391489270428042e-01
4.069354491110526717e-01
4.069344046302316720e-01
4.069357117478794583e-01
4.069404759933664129e-01
4.069582075571260837e-01
4.070175794206934428e-01
4.071951683209785733e-01
4.076997442638487512e-01
4.090884940672118164e-01
4.126827722188831649e-01
4.207535145791015396e-01
4.329914168288626075e-01
4.400509539652348034e-01
4.425370147180131553e-01
4.433174237017977193e-01
4.435560374729498601e-01
4.436322483398383310e-01
4.436602715263628371e-01
4.436736747012066662e-01
4.436823016410039733e-01
4.436891689621109136e-01
4.436952472869958863e-01
4.437008572981086529e-01
4.437059538593882690e-01
4.437102799822391086e-01
4.437138180629527917e-01
4.437166267619579441e-01
4.437188253244983560e-01
4.437205438292126103e-01
4.437219209640340112e-01
4.437232036050571815e-01
4.437244364728840096e-01
4.437255778716565624e-01
4.437265635686045151e-01
4.437273846968705082e-01
4.437280972914674493e-01
4.437287473398611182e-01
4.437293482347257068e-01
4.437298689951043595e-01
4.437301786759760835e-01
4.437301292258063468e-01
4.437295630198093144e-01
4.437283986548903325e-01
4.437266338730773696e-01
4.437243908213820420e-01
4.437220747065903081e-01
4.437199139841364603e-01
4.437178588178574135e-01
4.437158641438643802e-01
4.437138544414688246e-01
4.437117514268946739e-01
4.437094924799149243e-01
4.437070080977361664e-01
4.437043129580814926e-01
4.437014320605622841e-01
4.436984342833084627e-01
4.436953200106634743e-01
4.436918208496593574e-01
4.436872361462989023e-01
4.436801947232362764e-01
4.436681108052308864e-01
4.436460455276485804e-01
4.436049396229230779e-01
4.435286259292798294e-01
4.433888012404209045e-01
4.431383590364655345e-01
4.427005845461892686e-01
4.419536759151501681e-01
4.407107526480398274e-01
4.386948200607117543e-01
4.355089818151288705e-01
4.306063092845512363e-01
4.232642680741402486e-01
4.125719912127406297e-01
3.974450170638166857e-01
3.766851480171995448e-01
3.490974560314523134e-01
3.137314929230136662e-01
2.737770750293804789e-01
2.402290824788649026e-01
2.142478136577083969e-01
1.948454603700159882e-01
1.808502405904406640e-01
1.710781368716894901e-01
1.644604944414214398e-01
1.601074057872066136e-01
1.573223659924913309e-01
1.555874205118761566e-01
1.545340564943380179e-01
1.539101956247562741e-01
1.535494695858568293e-01
1.533456612218221660e-01
1.532330277089996029e-01
1.531720519513792567e-01
1.531396339779047544e-01
1.531226406095328452e-01
1.531138250889394481e-01
1.531092467982132499e-01
1.531068158274821456e-01
1.531054489225973925e-01
1.531045944192513941e-01
1.531039784041304530e-01
1.531034669200809217e-01
1.531029887097202502e-01
1.531025013077371710e-01
1.531019769914470086e-01
1.531013986233605018e-01
1.531007593178592696e-01
1.531000621379341453e-01
1.530993178049372960e-01
1.530985402173803411e-01
1.530977409277543833e-01
1.530969239824373496e-01
1.530960824022615241e-01
1.530951969978452398e-01
1.530942382128959445e-01
1.530931701577772919e-01
1.530919529122459488e-01
1.530905384545420411e-01
1.530888547583005854e-01
1.530867712569722039e-01
1.530840564515660862e-01
1.530807773167999486e-01
1.530783415331417596e-01
1.530771056492209736e-01
1.530768270198488712e-01
1.530772218209215663e-01
1.530792617701374203e-01
1.530847729802754520e-01
1.530964297107828276e-01
1.531181163424510661e-01
1.531552598350399697e-01
1.532150437727838599e-01
1.533063827767867093e-01
1.534395677681813508e-01
1.536255060328007571e-01
1.538745869519710097e-01
1.541953684338910890e-01
1.545933793097154785e-01
1.550703485348097765e-01
1.556240660954806565e-01
1.562488916338904688e-01
1.569367389312733563e-01
1.576782542668938303e-01
1.584639137880311244e-01
1.592848521068487011e-01
1.601333583765530144e-01
1.610030701692246602e-01
1.618889475561449687e-01
1.627871170422925950e-01
1.636946622347231761e-01
1.646094134999134262e-01
1.655297635567083425e-01
1.664545185731654275e-01
1.673827848913924665e-01
1.683138865531604300e-01
1.692473065161866075e-01
1.701826449010479525e-01
1.711195885594783972e-01
1.720578909027164483e-01
1.729973560619215700e-01
1.739378265018992897e-01
1.748791728903550391e-01
1.758212857365299420e-01
1.767640675643429859e-01
1.777074254779728857e-01
1.786512636489341888e-01
1.795954744473874931e-01
1.805399277479313447e-01
1.814844575729900600e-01
1.824288454326833953e-01
1.833727985760755241e-01
1.843159222075984316e-01
1.852576860006178716e-01
1.861973808636764316e-01
1.871335805451944945e-01
1.880631320134345807e-01
1.889853619399869400e-01
1.898998523050009768e-01
1.908053490379807426e-01
1.916998249941547772e-01
1.925803526403823684e-01
1.934429100262745893e-01
1.942821656026221810e-01
1.950913047903017894e-01
1.958619896800767868e-01
1.965845682540320882e-01
1.972486486040416764e-01
1.978441009989406196e-01
1.983624257399104196e-01
1.987982491028050247e-01
1.991505524862997312e-01
1.994232065213961402e-01
1.996245495173223916e-01
1.997660764445217951e-01
1.998606306771960051e-01
1.999206364060021612e-01
1.999568103555209031e-01
1.999775361367602811e-01
1.999888306560657636e-01
1.999946897871614226e-01
1.999975855188751706e-01
1.999989499319541619e-01
1.999995631766410265e-01
1.999998261969452573e-01
1.999999338705428786e-01
1.999999759455012016e-01
1.999999916382928788e-01
1.999999972236095047e-01
1.999999991199668259e-01
1.999999997338956226e-01
1.999999999232998926e-01
1.999999999789457139e-01
1.999999999945014650e-01
1.999999999986353527e-01
1.999999999996784905e-01
1.999999999999281519e-01
1.999999999999847733e-01
1.999999999999969025e-01
1.999999999999993727e-01
1.999999999999998446e-01
1.999999999999999001e-01
1.999999999999999001e-01
1.999999999999999001e-01
1.999999999999999278e-01
1.999999999999999278e-01
1.999999999999999556e-01
1.999999999999999556e-01
1.999999999999999556e-01
1.999999999999999556e-01
1.999999999999999556e-01
1.999999999999999556e-01
1.999999999999999556e-01
1.999999999999999556e-01
2.000000000000000111e-01
2.000000000000000111e-01
2.000000000000000111e-01
2.000000000000000111e-01
2.000000000000000111e-01
2.000000000000000111e-01
2.000000000000000111e-01
2.000000000000000111e-01
2.000000000000000111e-01
2.000000000000000111e-01
2.000000000000000111e-01
2.000000000000000111e-01
2.000000000000000111e-01
2.000000000000000111e-01
2.000000000000000111e-01
2.000000000000000111e-01
2.000000000000000111e-01
2.000000000000000111e-01
2.000000000000000111e-01
2.000000000000000111e-01
2.000000000000000111e-01
2.000000000000000111e-01
2.000000000000000111e-01
2.000000000000000111e-01
2.000000000000000111e-01
2.000000000000000111e-01
2.000000000000000111e-01
2.000000000000000111e-01
2.000000000000000111e-01
2.000000000000000111e-01
2.000000000000000111e-01
2.000000000000000111e-01
2.000000000000000111e-01
2.000000000000000111e-01
2.000000000000000111e-01
2.000000000000000111e-01
2.000000000000000111e-01
2.000000000000000111e-01
2.000000000000000111e-01
2.000000000000000111e-01
2.000000000000000111e-01
2.000000000000000111e-01
2.000000000000000111e-01
2.000000000000000111e-01
2.000000000000000111e-01
2.000000000000000111e-01
2.000000000000000111e-01
2.000000000000000111e-01
2.000000000000000111e-01
2.000000000000000111e-01
2.000000000000000111e-01
2.000000000000000111e-01
2.000000000000000111e-01
2.000000000000000111e-01
2.000000000000000111e-01
2.000000000000000111e-01
2.000000000000000111e-01
2.000000000000000111e-01
2.000000000000000111e-01
2.000000000000000111e-01
2.000000000000000111e-01
2.000000000000000111e-01
2.000000000000000111e-01
2.000000000000000111e-01
2.000000000000000111e-01
2.000000000000000111e-01
2.000000000000000111e-01
2.000000000000000111e-01
2.000000000000000111e-01
2.000000000000000111e-01
2.000000000000000111e-01
2.000000000000000111e-01
2.000000000000000111e-01
2.000000000000000111e-01
2.000000000000000111e-01
2.000000000000000111e-01
2.000000000000000111e-01
2.000000000000000111e-01
2.000000000000000111e-01
2.000000000000000111e-01
2.000000000000000111e-01
2.000000000000000111e-01
2.000000000000000111e-01
2.000000000000000111e-01
2.000000000000000111e-01
2.000000000000000111e-01
2.000000000000000111e-01
2.000000000000000111e-01
2.000000000000000111e-01
2.000000000000000111e-01
2.000000000000000111e-01
2.000000000000000111e-01
2.000000000000000111e-01
2.000000000000000111e-01
2.000000000000000111e-01
2.000000000000000111e-01
2.000000000000000111e-01
2.000000000000000111e-01
2.000000000000000111e-01
2.000000000000000111e-01
2.000000000000000111e-01
2.000000000000000111e-01
2.000000000000000111e-01
2.000000000000000111e-01
2.000000000000000111e-01
2.000000000000000111e-01
2.000000000000000111e-01
2.000000000000000111e-01
2.000000000000000111e-01
2.000000000000000111e-01
2.000000000000000111e-01
2.000000000000000111e-01
2.000000000000000111e-01
2.000000000000000111e-01
2.000000000000000111e-01
2.000000000000000111e-01
