3.000000000000000888e+00
3.000000000000000888e+00
3.000000000000000888e+00
3.000000000000000888e+00
3.000000000000000888e+00
3.000000000000000888e+00
3.000000000000000888e+00
3.000000000000000888e+00
3.000000000000000888e+00
3.000000000000000888e+00
3.000000000000000888e+00
3.000000000000000888e+00
3.000000000000000888e+00
3.000000000000000888e+00
3.000000000000000888e+00
3.000000000000000888e+00
3.000000000000000888e+00
3.000000000000000888e+00
3.000000000000000444e+00
3.000000000000000444e+00
3.000000000000000444e+00
3.000000000000000444e+00
3.000000000000000444e+00
3.000000000000000444e+00
3.000000000000000444e+00
3.000000000000000444e+00
3.000000000000000444e+00
3.000000000000000444e+00
3.000000000000000444e+00
3.000000000000000444e+00
3.000000000000000444e+00
3.000000000000000444e+00
3.000000000000000444e+00
3.000000000000000444e+00
3.000000000000000444e+00
3.000000000000000444e+00
3.000000000000000444e+00
3.000000000000000444e+00
3.000000000000000444e+00
3.000000000000000444e+00
3.000000000000000444e+00
3.000000000000000444e+00
3.000000000000000444e+00
3.000000000000000444e+00
3.000000000000000444e+00
3.000000000000000444e+00
3.000000000000000444e+00
3.000000000000000444e+00
3.000000000000000444e+00
2.999999999999999556e+00
2.999999999999998668e+00
2.999999999999993783e+00
2.999999999999970246e+00
2.999999999999834799e+00
2.999999999999086508e+00
2.999999999995155875e+00
2.999999999975450748e+00
2.999999999881231005e+00
2.999999999451779864e+00
2.999999997587119882e+00
2.999999989881522389e+00
2.999999959608638633e+00
2.999999846692413374e+00
2.999999447487554871e+00
2.999998112471375489e+00
2.999993900105003330e+00
2.999981399574447760e+00
2.999946651018778887e+00
2.999856633573220854e+00
2.999640694041124878e+00
2.999164623456195056e+00
2.998207876463843125e+00
2.996468083332617827e+00
2.993618075628353026e+00
2.989408628630167097e+00
2.983760425240586489e+00
2.976781597752647279e+00
2.968705359057792759e+00
2.959800401215278765e+00
2.950305879157298250e+00
2.940405530068184170e+00
2.930228841250419602e+00
2.919863061535729276e+00
2.909366125375544065e+00
2.898776776219319729e+00
2.888121477185186858e+00
2.877418821090223844e+00
2.866682266933889167e+00
2.855921834316898167e+00
2.845145168603770980e+00
2.834358227613167802e+00
2.823565737565873590e+00
2.812771505009766582e+00
2.801978636266076350e+00
2.791189695635223345e+00
2.780406821789072058e+00
2.769631814878753762e+00
2.758866202755279939e+00
2.748111292054195687e+00
2.737368208132627601e+00
2.726637926695862468e+00
2.715921299082164619e+00
2.705219072344403841e+00
2.694531904795449240e+00
2.683860378118547718e+00
2.673205008021330542e+00
2.662566255136342708e+00
2.651944535783252732e+00
2.641340230186338456e+00
2.630753686291954274e+00
2.620185220204570342e+00
2.609635116442812208e+00
2.599103630525012143e+00
2.588590993837985188e+00
2.578097418920401118e+00
2.567623103437250531e+00
2.557168232397322605e+00
2.546732979190319934e+00
2.536317506237002473e+00
2.525921965730005159e+00
2.515546500558528020e+00
2.505191245308276304e+00
2.494856327220063896e+00
2.484541867065039433e+00
2.474247979943714260e+00
2.463974776013606149e+00
2.453722361139941022e+00
2.443490837480970956e+00
2.433280304044452613e+00
2.423090857240509433e+00
2.412922591404350392e+00
2.402775599226238512e+00
2.392649972074487152e+00
2.382545800326510310e+00
2.372463173906847356e+00
2.362402183099564290e+00
2.352362919355033721e+00
2.342345475557302770e+00
2.332349945468198626e+00
2.322376422833225984e+00
2.312425001297805593e+00
2.302495776048487208e+00
2.292588846877070097e+00
2.282704321100306633e+00
2.272842314624274884e+00
2.263002950662913459e+00
2.253186357237536352e+00
2.243392665326861657e+00
2.233622008950752136e+00
2.223874527180901062e+00
2.214150367090542915e+00
2.204449686524488250e+00
2.194772656101446451e+00
2.185119460508984091e+00
2.175490299515275616e+00
2.165885389135689731e+00
2.156304963214195958e+00
2.146749275495229536e+00
2.137218602171626625e+00
2.127713244901961787e+00
2.118233534346620317e+00
2.108779834326731883e+00
2.099352546748284531e+00
2.089952117470522452e+00
2.080579043347623447e+00
2.071233880729056676e+00
2.061917255756790635e+00
2.052629876871918224e+00
2.043372550105414298e+00
2.034146198027519947e+00
2.024951883631672889e+00
2.015790840828285191e+00
2.006664513592919530e+00
1.997574606365120298e+00
1.988523149488979902e+00
1.979512585843771655e+00
1.970545888744319907e+00
1.961626727218700905e+00
1.952759704333751678e+00
1.943950710996708242e+00
1.935207469015174597e+00
1.926540395548422380e+00
1.917964023317057842e+00
1.909499371339038687e+00
1.901177866237060199e+00
1.893047560766202730e+00
1.885182171038727095e+00
1.877692196327564345e+00
1.870734184181807702e+00
1.864508908087499250e+00
1.859235044882295407e+00
1.855090628461605551e+00
1.852138066501249236e+00
1.850277428891837994e+00
1.849269825197810579e+00
1.848821803794922669e+00
1.848674416338296878e+00
1.848649099451819433e+00
1.848663546567074212e+00
1.848763279586137287e+00
1.848895537191258098e+00
1.848973826797424502e+00
1.849002384721974979e+00
1.849008164679824207e+00
1.849006751274387517e+00
1.848986747158506416e+00
1.848936142364408397e+00
1.848880027177894236e+00
1.848845162591430391e+00
1.848832468698777598e+00
1.848830539940141238e+00
1.848834847320858676e+00
1.848853429061516840e+00
1.848873207736454471e+00
1.848881421938471714e+00
1.848882451964740659e+00
1.848877256532171165e+00
1.848851922928357316e+00
1.848807873991289652e+00
1.848765398136464677e+00
1.848735873125936457e+00
1.848718469022238242e+00
1.848708839351018707e+00
1.848703066834495923e+00
1.848697980164818455e+00
1.848689060813847540e+00
1.848663783011505357e+00
1.848597600665920160e+00
1.848485365233853095e+00
1.848377142585636568e+00
1.848321454568079947e+00
1.848309789343512088e+00
1.848321383018655562e+00
1.848421590960784400e+00
1.848638671855511895e+00
1.848846463081241787e+00
1.848954362010899022e+00
1.848984173378231066e+00
1.848984730332988269e+00
1.848945666898518470e+00
1.848845483008767721e+00
1.848747189469919450e+00
1.848689121779373723e+00
1.848661792482041655e+00
1.848649632338739357e+00
1.848643498511201022e+00
1.848638730501210858e+00
1.848631190058632301e+00
1.848610771959632304e+00
1.848554433887239279e+00
1.848446133342326103e+00
1.848324026803170428e+00
1.848249266568029903e+00
1.848228822501111646e+00
1.848233793376185430e+00
1.848316899308769079e+00
1.848542769722038237e+00
1.848793536418343209e+00
1.848937466110549321e+00
1.848981334550590772e+00
1.848984415051675434e+00
1.848945433390264625e+00
1.848829912662096620e+00
1.848711231106510366e+00
1.848642708633920773e+00
1.848614201603476115e+00
1.848605122328017325e+00
1.848603110790681736e+00
1.848602842150444348e+00
1.848602728109288273e+00
1.848601282222060327e+00
1.848587743211162815e+00
1.848527817360882342e+00
1.848397983099383302e+00
1.848261832392147586e+00
1.848194352606082447e+00
1.848182488428663062e+00
1.848212076423091599e+00
1.848383659921773781e+00
1.848668097571406044e+00
1.848880266646125037e+00
1.848964256884704227e+00
1.848978699554807870e+00
1.848963528640514831e+00
1.848876111793196886e+00
1.848752062448527855e+00
1.848663141684196765e+00
1.848615746243179370e+00
1.848592770858860312e+00
1.848582066885813946e+00
1.848577323047092102e+00
1.848575170776954213e+00
1.848573666160256979e+00
1.848570675186921752e+00
1.848557134908060728e+00
1.848502718244900755e+00
1.848381444090877013e+00
1.848253346019814281e+00
1.848194490499936560e+00
1.848187508591023986e+00
1.848246258590709790e+00
1.848477190498136746e+00
1.848763531828207851e+00
1.848920472692531014e+00
1.848959072922710334e+00
1.848954298910957750e+00
1.848876155178285741e+00
1.848744643823588385e+00
1.848656222664269100e+00
1.848617742334144776e+00
1.848602932250979602e+00
1.848596243216162893e+00
1.848591625791657478e+00
1.848586984391797028e+00
1.848581707705834631e+00
1.848574679855617520e+00
1.848559791121169305e+00
1.848512384353466986e+00
1.848384045017751776e+00
1.848194366780697040e+00
1.848068447963616245e+00
1.848039757221122459e+00
1.848078112917723503e+00
1.848341377123424056e+00
1.848763889127878590e+00
1.849027770503310464e+00
1.849096902011623911e+00
1.849091054869879125e+00
1.848967749451812415e+00
1.848762600542393830e+00
1.848630783705562663e+00
1.848577842222251633e+00
1.848561621584827952e+00
1.848558186997201647e+00
1.848558056993791165e+00
1.848562646032170464e+00
1.848570189462043656e+00
1.848573243375292163e+00
1.848572660183582572e+00
1.848560598641346475e+00
1.848485301709407391e+00
1.848278740557305788e+00
1.848043460685405259e+00
1.847943527651300766e+00
1.847942766823446936e+00
1.848136840898051414e+00
1.848627443408292104e+00
1.849018914655887080e+00
1.849142923847547859e+00
1.849146744938202858e+00
1.849026091921226023e+00
1.848803823164084204e+00
1.848657887167559855e+00
1.848593602981513317e+00
1.848564806681469497e+00
1.848549292685518042e+00
1.848540669409629134e+00
1.848537070571082630e+00
1.848536059549365396e+00
1.848536982846034959e+00
1.848538585369540854e+00
1.848537844791617424e+00
1.848522721084337794e+00
1.848416549536832765e+00
1.848132400077632687e+00
1.847871637182563420e+00
1.847806131869452972e+00
1.847918113213387725e+00
1.848465232389679525e+00
1.849018835408771988e+00
1.849199202256942121e+00
1.849199702209801899e+00
1.849019997626858425e+00
1.848762509326689729e+00
1.848628900640673978e+00
1.848581207070221222e+00
1.848564795634602742e+00
1.848557762047664088e+00
1.848552951527031807e+00
1.848547840893891347e+00
1.848540421292157898e+00
1.848529134016451358e+00
1.848517336638452191e+00
1.848510184864021300e+00
1.848505870283886576e+00
1.848495200169682162e+00
1.848403771453635658e+00
1.848016898175539380e+00
1.847580600706133058e+00
1.847501087583125923e+00
1.848009805948969575e+00
1.849039367538102940e+00
1.849419749897392107e+00
1.849391623573180876e+00
1.849010661889386675e+00
1.848689867842070012e+00
1.848574423983771808e+00
1.848530341364193808e+00
1.848499516958340694e+00
1.848486039327793984e+00
1.848486215536653043e+00
1.848476422018420440e+00
1.848463299654456327e+00
1.848503764084121759e+00
1.848504277866976242e+00
1.848433174368012466e+00
1.848492381290584019e+00
1.848640729899035495e+00
1.848260608788810710e+00
1.848401401899036012e+00
1.852423690806373147e+00
1.764436955634670179e+00
1.203347280065725000e+00
1.002955326033237338e+00
1.000012036984226693e+00
1.000000052297385755e+00
1.000000000228713715e+00
1.000000000001018297e+00
1.000000000000004885e+00
1.000000000000000222e+00
1.000000000000000000e+00
1.000000000000000000e+00
1.000000000000000000e+00
1.000000000000000000e+00
1.000000000000000000e+00
1.000000000000000000e+00
1.000000000000000000e+00
1.000000000000000000e+00
1.000000000000000000e+00
1.000000000000000000e+00
1.000000000000000000e+00
1.000000000000000000e+00
1.000000000000000000e+00
1.000000000000000000e+00
1.000000000000000000e+00
1.000000000000000000e+00
1.000000000000000000e+00
1.000000000000000000e+00
1.000000000000000000e+00
1.000000000000000000e+00
1.000000000000000000e+00
1.000000000000000000e+00
1.000000000000000000e+00
1.000000000000000000e+00
1.000000000000000000e+00
1.000000000000000000e+00
1.000000000000000000e+00
1.000000000000000000e+00
1.000000000000000000e+00
1.000000000000000000e+00
1.000000000000000000e+00
1.000000000000000000e+00
1.000000000000000000e+00
1.000000000000000000e+00
1.000000000000000000e+00
1.000000000000000000e+00
1.000000000000000000e+00
1.000000000000000000e+00
1.000000000000000000e+00
1.000000000000000000e+00
1.000000000000000000e+00
1.000000000000000000e+00
1.000000000000000000e+00
1.000000000000000000e+00
1.000000000000000000e+00
1.000000000000000000e+00
1.000000000000000000e+00
1.000000000000000000e+00
1.000000000000000000e+00
1.000000000000000000e+00
1.000000000000000000e+00
1.000000000000000000e+00
1.000000000000000000e+00
1.000000000000000000e+00
1.000000000000000000e+00
1.000000000000000000e+00
1.000000000000000000e+00
1.000000000000000000e+00
1.000000000000000000e+00
1.000000000000000000e+00
1.000000000000000000e+00
1.000000000000000000e+00
1.000000000000000000e+00
1.000000000000000000e+00
1.000000000000000000e+00
1.000000000000000000e+00
1.000000000000000000e+00
1.000000000000000000e+00
1.000000000000000000e+00
1.000000000000000000e+00
1.000000000000000000e+00
1.000000000000000000e+00
1.000000000000000000e+00
1.000000000000000000e+00
1.000000000000000000e+00
1.000000000000000000e+00
1.000000000000000000e+00
1.000000000000000000e+00
1.000000000000000000e+00
1.000000000000000000e+00
