-2.688243284402787037e-01
-2.333151939347620218e-01
-1.785447723749088444e-01
-7.110356589421190643e-02
6.665061755429746437e-02
2.172355401963137478e-01
3.384855483846832547e-01
3.747135036192499324e-01
3.384855483846833102e-01
2.172355401963137755e-01
6.665061755429746437e-02
-7.110356589421183704e-02
-1.785447723749088444e-01
-2.333151939347620774e-01
-2.688243284402790367e-01
-2.333151939347619386e-01
-2.062682218833468972e-01
-1.624150252729320565e-01
-7.144025141769484721e-02
5.417726487388412060e-02
1.968300491129557073e-01
3.062175532994319549e-01
3.353863130621304034e-01
3.062175532994318439e-01
1.968300491129556518e-01
5.417726487388413448e-02
-7.144025141769481946e-02
-1.624150252729320842e-01
-2.062682218833469250e-01
-2.333151939347620774e-01
-1.785447723749089277e-01
-1.624150252729321398e-01
-1.275611011277839602e-01
-5.812461934680879239e-02
4.309392576510251427e-02
1.607857505164052292e-01
2.475533694743468627e-01
2.679213349454656057e-01
2.475533694743468349e-01
1.607857505164052569e-01
4.309392576510252121e-02
-5.812461934680877157e-02
-1.275611011277838214e-01
-1.624150252729320842e-01
-1.785447723749089000e-01
-7.110356589421194806e-02
-7.144025141769490272e-02
-5.812461934680883402e-02
-2.109642365805839206e-02
4.604147924295586003e-02
1.302318944840405723e-01
1.969218746283008803e-01
2.149744096698899543e-01
1.969218746283009913e-01
1.302318944840405168e-01
4.604147924295581146e-02
-2.109642365805836431e-02
-5.812461934680880626e-02
-7.144025141769486109e-02
-7.110356589421197582e-02
6.665061755429743662e-02
5.417726487388403733e-02
4.309392576510240325e-02
4.604147924295577676e-02
8.241139596716937077e-02
1.297684178657258214e-01
1.765953291588183982e-01
2.016273887361929862e-01
1.765953291588185370e-01
1.297684178657258214e-01
8.241139596716937077e-02
4.604147924295578370e-02
4.309392576510244488e-02
5.417726487388409978e-02
6.665061755429740886e-02
2.172355401963136090e-01
1.968300491129554852e-01
1.607857505164050904e-01
1.302318944840405446e-01
1.297684178657256826e-01
1.420366039462777896e-01
1.763160883433561310e-01
2.040195722570786740e-01
1.763160883433561310e-01
1.420366039462778729e-01
1.297684178657257381e-01
1.302318944840406001e-01
1.607857505164051459e-01
1.968300491129555962e-01
2.172355401963136368e-01
3.384855483846830326e-01
3.062175532994315663e-01
2.475533694743466129e-01
1.969218746283009080e-01
1.765953291588183982e-01
1.763160883433561033e-01
2.081395927343989150e-01
2.421790576048406529e-01
2.081395927343989427e-01
1.763160883433561033e-01
1.765953291588184260e-01
1.969218746283009913e-01
2.475533694743467239e-01
3.062175532994317884e-01
3.384855483846830881e-01
3.747135036192498769e-01
3.353863130621304034e-01
2.679213349454656612e-01
2.149744096698898155e-01
2.016273887361929862e-01
2.040195722570785353e-01
2.421790576048407917e-01
2.805472115072510930e-01
2.421790576048408472e-01
2.040195722570787296e-01
2.016273887361930417e-01
2.149744096698899543e-01
2.679213349454657167e-01
3.353863130621301814e-01
3.747135036192499324e-01
3.384855483846831437e-01
3.062175532994316218e-01
2.475533694743467517e-01
1.969218746283009080e-01
1.765953291588184537e-01
1.763160883433561310e-01
2.081395927343989705e-01
2.421790576048406529e-01
2.081395927343989427e-01
1.763160883433562143e-01
1.765953291588184815e-01
1.969218746283009636e-01
2.475533694743467239e-01
3.062175532994317884e-01
3.384855483846830881e-01
2.172355401963137755e-01
1.968300491129556240e-01
1.607857505164052292e-01
1.302318944840406001e-01
1.297684178657257659e-01
1.420366039462778451e-01
1.763160883433560755e-01
2.040195722570785353e-01
1.763160883433561865e-01
1.420366039462779006e-01
1.297684178657257381e-01
1.302318944840406001e-01
1.607857505164051182e-01
1.968300491129555962e-01
2.172355401963137200e-01
6.665061755429747825e-02
5.417726487388409978e-02
4.309392576510242406e-02
4.604147924295576982e-02
8.241139596716938465e-02
1.297684178657257936e-01
1.765953291588184537e-01
2.016273887361930417e-01
1.765953291588184260e-01
1.297684178657258214e-01
8.241139596716932914e-02
4.604147924295576289e-02
4.309392576510243100e-02
5.417726487388409978e-02
6.665061755429743662e-02
-7.110356589421193418e-02
-7.144025141769493048e-02
-5.812461934680886871e-02
-2.109642365805840594e-02
4.604147924295583227e-02
1.302318944840405723e-01
1.969218746283008803e-01
2.149744096698898710e-01
1.969218746283009358e-01
1.302318944840406556e-01
4.604147924295581840e-02
-2.109642365805837125e-02
-5.812461934680881320e-02
-7.144025141769486109e-02
-7.110356589421200357e-02
-1.785447723749090387e-01
-1.624150252729322508e-01
-1.275611011277838491e-01
-5.812461934680874381e-02
4.309392576510252121e-02
1.607857505164052569e-01
2.475533694743466961e-01
2.679213349454656612e-01
2.475533694743468349e-01
1.607857505164052292e-01
4.309392576510250039e-02
-5.812461934680875769e-02
-1.275611011277838214e-01
-1.624150252729321398e-01
-1.785447723749089832e-01
-2.333151939347619663e-01
-2.062682218833469250e-01
-1.624150252729321120e-01
-7.144025141769483334e-02
5.417726487388414142e-02
1.968300491129556518e-01
3.062175532994318439e-01
3.353863130621302369e-01
3.062175532994317328e-01
1.968300491129556518e-01
5.417726487388415529e-02
-7.144025141769480558e-02
-1.624150252729320565e-01
-2.062682218833468695e-01
-2.333151939347620218e-01
-2.688243284402788147e-01
-2.333151939347621051e-01
-1.785447723749088167e-01
-7.110356589421197582e-02
6.665061755429746437e-02
2.172355401963137478e-01
3.384855483846832547e-01
3.747135036192500990e-01
3.384855483846832547e-01
2.172355401963137755e-01
6.665061755429746437e-02
-7.110356589421187867e-02
-1.785447723749087889e-01
-2.333151939347620496e-01
-2.688243284402788702e-01
-2.749209909552575160e-01
-2.440133694441570522e-01
-1.955311888412409604e-01
-9.399578137162543923e-02
4.800422744689714083e-02
2.023040790923605059e-01
3.234068467329081487e-01
3.571002315194397037e-01
3.234068467329080931e-01
2.023040790923605337e-01
4.800422744689718246e-02
-9.399578137162530045e-02
-1.955311888412409049e-01
-2.440133694441571355e-01
-2.749209909552577935e-01
-2.440133694441571355e-01
-2.184693698525981276e-01
-1.778939410984987091e-01
-9.067305481225369779e-02
3.703675189718303590e-02
1.808129204971398174e-01
2.899627988164152348e-01
3.169492311771585080e-01
2.899627988164152348e-01
1.808129204971397896e-01
3.703675189718306365e-02
-9.067305481225361452e-02
-1.778939410984986536e-01
-2.184693698525981276e-01
-2.440133694441570800e-01
-1.955311888412409882e-01
-1.778939410984987091e-01
-1.427867461898809642e-01
-7.354387436983453319e-02
2.726523258561642030e-02
1.443019327661894113e-01
2.310568794625844358e-01
2.512386326572546014e-01
2.310568794625844913e-01
1.443019327661894113e-01
2.726523258561639254e-02
-7.354387436983453319e-02
-1.427867461898809642e-01
-1.778939410984986258e-01
-1.955311888412410715e-01
-9.399578137162545310e-02
-9.067305481225371167e-02
-7.354387436983457482e-02
-3.448240572169591206e-02
3.226382887616138090e-02
1.146815357638033134e-01
1.805635626600227139e-01
2.002200790809847974e-01
1.805635626600227972e-01
1.146815357638033966e-01
3.226382887616138784e-02
-3.448240572169591206e-02
-7.354387436983463033e-02
-9.067305481225369779e-02
-9.399578137162543923e-02
4.800422744689706450e-02
3.703675189718295957e-02
2.726523258561633356e-02
3.226382887616136008e-02
6.796636952625785544e-02
1.124126996238226650e-01
1.563859801391893067e-01
1.811632552047103550e-01
1.563859801391893622e-01
1.124126996238226650e-01
6.796636952625788319e-02
3.226382887616133233e-02
2.726523258561628846e-02
3.703675189718293875e-02
4.800422744689707144e-02
2.023040790923603949e-01
1.808129204971396786e-01
1.443019327661893003e-01
1.146815357638033411e-01
1.124126996238226095e-01
1.227671673080566461e-01
1.526686331485249681e-01
1.783145556223870165e-01
1.526686331485250514e-01
1.227671673080567294e-01
1.124126996238226511e-01
1.146815357638033411e-01
1.443019327661893558e-01
1.808129204971397064e-01
2.023040790923604781e-01
3.234068467329078156e-01
2.899627988164151238e-01
2.310568794625843247e-01
1.805635626600227417e-01
1.563859801391893622e-01
1.526686331485249959e-01
1.770542728772720731e-01
2.052062890182501653e-01
1.770542728772720731e-01
1.526686331485251347e-01
1.563859801391893345e-01
1.805635626600227139e-01
2.310568794625844358e-01
2.899627988164151793e-01
3.234068467329078711e-01
3.571002315194397592e-01
3.169492311771586190e-01
2.512386326572546569e-01
2.002200790809847697e-01
1.811632552047103828e-01
1.783145556223868777e-01
2.052062890182500821e-01
2.352838544577102176e-01
2.052062890182500821e-01
1.783145556223869332e-01
1.811632552047103550e-01
2.002200790809848530e-01
2.512386326572546569e-01
3.169492311771584525e-01
3.571002315194398147e-01
3.234068467329078711e-01
2.899627988164151238e-01
2.310568794625844358e-01
1.805635626600227694e-01
1.563859801391893622e-01
1.526686331485250792e-01
1.770542728772721008e-01
2.052062890182500821e-01
1.770542728772720731e-01
1.526686331485250236e-01
1.563859801391893345e-01
1.805635626600227139e-01
2.310568794625844080e-01
2.899627988164151793e-01
3.234068467329078711e-01
2.023040790923605337e-01
1.808129204971397064e-01
1.443019327661893836e-01
1.146815357638033966e-01
1.124126996238226789e-01
1.227671673080566739e-01
1.526686331485250514e-01
1.783145556223868777e-01
1.526686331485249681e-01
1.227671673080567294e-01
1.124126996238226234e-01
1.146815357638033689e-01
1.443019327661893836e-01
1.808129204971397064e-01
2.023040790923605059e-01
4.800422744689708532e-02
3.703675189718301508e-02
2.726523258561631621e-02
3.226382887616134620e-02
6.796636952625786932e-02
1.124126996238226928e-01
1.563859801391893622e-01
1.811632552047102995e-01
1.563859801391893345e-01
1.124126996238226511e-01
6.796636952625788319e-02
3.226382887616137396e-02
2.726523258561631274e-02
3.703675189718294569e-02
4.800422744689709920e-02
-9.399578137162550862e-02
-9.067305481225375330e-02
-7.354387436983458870e-02
-3.448240572169591206e-02
3.226382887616140172e-02
1.146815357638033689e-01
1.805635626600227139e-01
2.002200790809848252e-01
1.805635626600227139e-01
1.146815357638033966e-01
3.226382887616140865e-02
-3.448240572169586349e-02
-7.354387436983456094e-02
-9.067305481225372554e-02
-9.399578137162546698e-02
-1.955311888412410715e-01
-1.778939410984987646e-01
-1.427867461898809642e-01
-7.354387436983450543e-02
2.726523258561636479e-02
1.443019327661893281e-01
2.310568794625843803e-01
2.512386326572545459e-01
2.310568794625844358e-01
1.443019327661893836e-01
2.726523258561639948e-02
-7.354387436983450543e-02
-1.427867461898809087e-01
-1.778939410984987091e-01
-1.955311888412410437e-01
-2.440133694441571910e-01
-2.184693698525981831e-01
-1.778939410984985980e-01
-9.067305481225369779e-02
3.703675189718303590e-02
1.808129204971397341e-01
2.899627988164151238e-01
3.169492311771584525e-01
2.899627988164151793e-01
1.808129204971397896e-01
3.703675189718304284e-02
-9.067305481225365615e-02
-1.778939410984985980e-01
-2.184693698525980443e-01
-2.440133694441570245e-01
-2.749209909552575715e-01
-2.440133694441570245e-01
-1.955311888412409882e-01
-9.399578137162548086e-02
4.800422744689707144e-02
2.023040790923604781e-01
3.234068467329080376e-01
3.571002315194398147e-01
3.234068467329079266e-01
2.023040790923604781e-01
4.800422744689711307e-02
-9.399578137162542535e-02
-1.955311888412409604e-01
-2.440133694441570245e-01
-2.749209909552575715e-01
-2.679896187919437733e-01
-2.416331660106850743e-01
-1.996197556871705525e-01
-1.080520190105127981e-01
2.265090689831599294e-02
1.699275902450214648e-01
2.858305860405708221e-01
3.144094595267160064e-01
2.858305860405708776e-01
1.699275902450216036e-01
2.265090689831609702e-02
-1.080520190105127148e-01
-1.996197556871705248e-01
-2.416331660106852408e-01
-2.679896187919435513e-01
-2.416331660106851853e-01
-2.173946798183077067e-01
-1.794102867952680203e-01
-9.950347779874731124e-02
1.575120739739829800e-02
1.497013431881527579e-01
2.539712715529681697e-01
2.775700339822021467e-01
2.539712715529678366e-01
1.497013431881527856e-01
1.575120739739832576e-02
-9.950347779874722798e-02
-1.794102867952679647e-01
-2.173946798183076512e-01
-2.416331660106852686e-01
-1.996197556871705248e-01
-1.794102867952680480e-01
-1.431537405957319098e-01
-7.812405412592587917e-02
1.043821351199428205e-02
1.152040006015605522e-01
1.966895930356544753e-01
2.153938488467017631e-01
1.966895930356544753e-01
1.152040006015605383e-01
1.043821351199425082e-02
-7.812405412592583753e-02
-1.431537405957317433e-01
-1.794102867952679925e-01
-1.996197556871706358e-01
-1.080520190105128536e-01
-9.950347779874735288e-02
-7.812405412592589304e-02
-3.975458115943385218e-02
1.799003470841390936e-02
8.761136710657804749e-02
1.471575414216622912e-01
1.670077772948483363e-01
1.471575414216623467e-01
8.761136710657806137e-02
1.799003470841386426e-02
-3.975458115943387299e-02
-7.812405412592590692e-02
-9.950347779874731124e-02
-1.080520190105128675e-01
2.265090689831592702e-02
1.575120739739820433e-02
1.043821351199422133e-02
1.799003470841385385e-02
4.758795992166530570e-02
8.165857636951320830e-02
1.192116202886517456e-01
1.422427121555592533e-01
1.192116202886517873e-01
8.165857636951327769e-02
4.758795992166536815e-02
1.799003470841382957e-02
1.043821351199415194e-02
1.575120739739820086e-02
2.265090689831592355e-02
1.699275902450214371e-01
1.497013431881527024e-01
1.152040006015604967e-01
8.761136710657806137e-02
8.165857636951316667e-02
8.803661419584295211e-02
1.085555664778704299e-01
1.292858367007067577e-01
1.085555664778704854e-01
8.803661419584299375e-02
8.165857636951324994e-02
8.761136710657803361e-02
1.152040006015604690e-01
1.497013431881526468e-01
1.699275902450214648e-01
2.858305860405704890e-01
2.539712715529681142e-01
1.966895930356544475e-01
1.471575414216623467e-01
1.192116202886517040e-01
1.085555664778703328e-01
1.260813933368915285e-01
1.465752245915152296e-01
1.260813933368916395e-01
1.085555664778705409e-01
1.192116202886517595e-01
1.471575414216623467e-01
1.966895930356544198e-01
2.539712715529678366e-01
2.858305860405704890e-01
3.144094595267160619e-01
2.775700339822021467e-01
2.153938488467017354e-01
1.670077772948483086e-01
1.422427121555591423e-01
1.292858367007066744e-01
1.465752245915151186e-01
1.695865772945307492e-01
1.465752245915151464e-01
1.292858367007067022e-01
1.422427121555591145e-01
1.670077772948482253e-01
2.153938488467016243e-01
2.775700339822020912e-01
3.144094595267159509e-01
2.858305860405706555e-01
2.539712715529681142e-01
1.966895930356544753e-01
1.471575414216623190e-01
1.192116202886517595e-01
1.085555664778703189e-01
1.260813933368915007e-01
1.465752245915151186e-01
1.260813933368915007e-01
1.085555664778703605e-01
1.192116202886517318e-01
1.471575414216623467e-01
1.966895930356545030e-01
2.539712715529678921e-01
2.858305860405706555e-01
1.699275902450214926e-01
1.497013431881526746e-01
1.152040006015605106e-01
8.761136710657810300e-02
8.165857636951316667e-02
8.803661419584293824e-02
1.085555664778704160e-01
1.292858367007067022e-01
1.085555664778703328e-01
8.803661419584291048e-02
8.165857636951322218e-02
8.761136710657806137e-02
1.152040006015605106e-01
1.497013431881526746e-01
1.699275902450215481e-01
2.265090689831595824e-02
1.575120739739823555e-02
1.043821351199420919e-02
1.799003470841385385e-02
4.758795992166534039e-02
8.165857636951323606e-02
1.192116202886517873e-01
1.422427121555592255e-01
1.192116202886517456e-01
8.165857636951320830e-02
4.758795992166534733e-02
1.799003470841387467e-02
1.043821351199419878e-02
1.575120739739818004e-02
2.265090689831591661e-02
-1.080520190105128814e-01
-9.950347779874732512e-02
-7.812405412592587917e-02
-3.975458115943382442e-02
1.799003470841389896e-02
8.761136710657810300e-02
1.471575414216623745e-01
1.670077772948483086e-01
1.471575414216624023e-01
8.761136710657803361e-02
1.799003470841390590e-02
-3.975458115943381748e-02
-7.812405412592592080e-02
-9.950347779874733900e-02
-1.080520190105129230e-01
-1.996197556871705525e-01
-1.794102867952679647e-01
-1.431537405957317710e-01
-7.812405412592579590e-02
1.043821351199428031e-02
1.152040006015605245e-01
1.966895930356544198e-01
2.153938488467017631e-01
1.966895930356544753e-01
1.152040006015605106e-01
1.043821351199428552e-02
-7.812405412592582366e-02
-1.431537405957316877e-01
-1.794102867952680203e-01
-1.996197556871706080e-01
-2.416331660106850743e-01
-2.173946798183076512e-01
-1.794102867952679925e-01
-9.950347779874725573e-02
1.575120739739828760e-02
1.497013431881527024e-01
2.539712715529680032e-01
2.775700339822020912e-01
2.539712715529677256e-01
1.497013431881527301e-01
1.575120739739831188e-02
-9.950347779874724186e-02
-1.794102867952679647e-01
-2.173946798183076790e-01
-2.416331660106851853e-01
-2.679896187919436068e-01
-2.416331660106849633e-01
-1.996197556871706358e-01
-1.080520190105127981e-01
2.265090689831595477e-02
1.699275902450214371e-01
2.858305860405706000e-01
3.144094595267159509e-01
2.858305860405705445e-01
1.699275902450214648e-01
2.265090689831599988e-02
-1.080520190105127565e-01
-1.996197556871705525e-01
-2.416331660106852686e-01
-2.679896187919434958e-01
-2.151169346500031998e-01
-1.988828275020277647e-01
-1.738915020819525037e-01
-1.091071656545133106e-01
2.229050325870733391e-03
1.265369001331853593e-01
2.214311838062155147e-01
2.430364513643119562e-01
2.214311838062155147e-01
1.265369001331853316e-01
2.229050325870785432e-03
-1.091071656545131857e-01
-1.738915020819524204e-01
-1.988828275020276815e-01
-2.151169346500033108e-01
-1.988828275020279035e-01
-1.821129081654514759e-01
-1.557002322363484903e-01
-9.639694866490401692e-02
1.339285583207002178e-03
1.128467569074217275e-01
1.980031799337565734e-01
2.166438553884549312e-01
1.980031799337566289e-01
1.128467569074217136e-01
1.339285583207035788e-03
-9.639694866490390590e-02
-1.557002322363484903e-01
-1.821129081654514481e-01
-1.988828275020277925e-01
-1.738915020819525037e-01
-1.557002322363484903e-01
-1.256314482600817128e-01
-7.171944817524197879e-02
2.539636635306792480e-03
8.786149492959310914e-02
1.538958274570112195e-01
1.698658923231757267e-01
1.538958274570112472e-01
8.786149492959310914e-02
2.539636635306780337e-03
-7.171944817524193716e-02
-1.256314482600817128e-01
-1.557002322363484903e-01
-1.738915020819524759e-01
-1.091071656545132412e-01
-9.639694866490398917e-02
-7.171944817524195104e-02
-3.531173294610963354e-02
1.289269743059585742e-02
6.688335435790089545e-02
1.129118320109074453e-01
1.306641136382728774e-01
1.129118320109074175e-01
6.688335435790081218e-02
1.289269743059580711e-02
-3.531173294610961966e-02
-7.171944817524197879e-02
-9.639694866490400305e-02
-1.091071656545132690e-01
2.229050325870721681e-03
1.339285583206967483e-03
2.539636635306764725e-03
1.289269743059583140e-02
3.696601399441590274e-02
5.915386397664637586e-02
8.587392284052339231e-02
1.037974991939733249e-01
8.587392284052339231e-02
5.915386397664638973e-02
3.696601399441586111e-02
1.289269743059580538e-02
2.539636635306734801e-03
1.339285583206954473e-03
2.229050325870696094e-03
1.265369001331853316e-01
1.128467569074216997e-01
8.786149492959309526e-02
6.688335435790085381e-02
5.915386397664636198e-02
6.018439928981354076e-02
7.133824570445196356e-02
8.447307504921579280e-02
7.133824570445201907e-02
6.018439928981354076e-02
5.915386397664639667e-02
6.688335435790082606e-02
8.786149492959308138e-02
1.128467569074216303e-01
1.265369001331853038e-01
2.214311838062155424e-01
1.980031799337565457e-01
1.538958274570111917e-01
1.129118320109074453e-01
8.587392284052337843e-02
7.133824570445193580e-02
7.940225798515240796e-02
9.084440024512274725e-02
7.940225798515257449e-02
7.133824570445194968e-02
8.587392284052333680e-02
1.129118320109074036e-01
1.538958274570112195e-01
1.980031799337564902e-01
2.214311838062154869e-01
2.430364513643119562e-01
2.166438553884549312e-01
1.698658923231757267e-01
1.306641136382729051e-01
1.037974991939733110e-01
8.447307504921568178e-02
9.084440024512269174e-02
1.035594556782246378e-01
9.084440024512271949e-02
8.447307504921580668e-02
1.037974991939732139e-01
1.306641136382728774e-01
1.698658923231757267e-01
2.166438553884549867e-01
2.430364513643119284e-01
2.214311838062155147e-01
1.980031799337565457e-01
1.538958274570112195e-01
1.129118320109074591e-01
8.587392284052335067e-02
7.133824570445193580e-02
7.940225798515236633e-02
9.084440024512269174e-02
7.940225798515250510e-02
7.133824570445197744e-02
8.587392284052336455e-02
1.129118320109074175e-01
1.538958274570112195e-01
1.980031799337564902e-01
2.214311838062154869e-01
1.265369001331853316e-01
1.128467569074217136e-01
8.786149492959312302e-02
6.688335435790089545e-02
5.915386397664636892e-02
6.018439928981347831e-02
7.133824570445194968e-02
8.447307504921577892e-02
7.133824570445199131e-02
6.018439928981349912e-02
5.915386397664637586e-02
6.688335435790082606e-02
8.786149492959308138e-02
1.128467569074216720e-01
1.265369001331853593e-01
2.229050325870736426e-03
1.339285583206992420e-03
2.539636635306779470e-03
1.289269743059583313e-02
3.696601399441587499e-02
5.915386397664634810e-02
8.587392284052336455e-02
1.037974991939732555e-01
8.587392284052335067e-02
5.915386397664638279e-02
3.696601399441586805e-02
1.289269743059582793e-02
2.539636635306778602e-03
1.339285583206970302e-03
2.229050325870704334e-03
-1.091071656545132829e-01
-9.639694866490398917e-02
-7.171944817524196492e-02
-3.531173294610959190e-02
1.289269743059584181e-02
6.688335435790085381e-02
1.129118320109074314e-01
1.306641136382728219e-01
1.129118320109074036e-01
6.688335435790086769e-02
1.289269743059585221e-02
-3.531173294610957109e-02
-7.171944817524196492e-02
-9.639694866490398917e-02
-1.091071656545133245e-01
-1.738915020819525037e-01
-1.557002322363484625e-01
-1.256314482600816851e-01
-7.171944817524190940e-02
2.539636635306816333e-03
8.786149492959310914e-02
1.538958274570111917e-01
1.698658923231756712e-01
1.538958274570111362e-01
8.786149492959308138e-02
2.539636635306821103e-03
-7.171944817524186777e-02
-1.256314482600817128e-01
-1.557002322363485181e-01
-1.738915020819524482e-01
-1.988828275020277647e-01
-1.821129081654513648e-01
-1.557002322363484625e-01
-9.639694866490391978e-02
1.339285583207003262e-03
1.128467569074216859e-01
1.980031799337565734e-01
2.166438553884549312e-01
1.980031799337565734e-01
1.128467569074216997e-01
1.339285583207028198e-03
-9.639694866490390590e-02
-1.557002322363483793e-01
-1.821129081654513093e-01
-1.988828275020277092e-01
-2.151169346500033386e-01
-1.988828275020277647e-01
-1.738915020819525592e-01
-1.091071656545132551e-01
2.229050325870712574e-03
1.265369001331853316e-01
2.214311838062155147e-01
2.430364513643118729e-01
2.214311838062154592e-01
1.265369001331853593e-01
2.229050325870764182e-03
-1.091071656545132412e-01
-1.738915020819524482e-01
-1.988828275020277092e-01
-2.151169346500033386e-01
-1.242903181773272886e-01
-1.205956992806508921e-01
-1.128871194624753854e-01
-7.987820524014969947e-02
-8.830633425487116953e-03
7.790486677490596201e-02
1.429673156642859988e-01
1.576117941654371357e-01
1.429673156642859155e-01
7.790486677490600365e-02
-8.830633425487066646e-03
-7.987820524014968560e-02
-1.128871194624754271e-01
-1.205956992806508088e-01
-1.242903181773273302e-01
-1.205956992806509198e-01
-1.140072390925516571e-01
-1.018026835685386933e-01
-6.944553922416603353e-02
-4.654333930741195134e-03
7.414279695599602926e-02
1.335172500249394989e-01
1.466077975816175438e-01
1.335172500249394711e-01
7.414279695599605702e-02
-4.654333930741165644e-03
-6.944553922416601965e-02
-1.018026835685386794e-01
-1.140072390925515600e-01
-1.205956992806509476e-01
-1.128871194624754271e-01
-1.018026835685387349e-01
-8.388874803188084428e-02
-4.891722168983774627e-02
3.346480821302530093e-03
6.609866994530959328e-02
1.132202460076646988e-01
1.259270170465963123e-01
1.132202460076647405e-01
6.609866994530956552e-02
3.346480821302520985e-03
-4.891722168983777402e-02
-8.388874803188083040e-02
-1.018026835685386933e-01
-1.128871194624754132e-01
-7.987820524014963008e-02
-6.944553922416600578e-02
-4.891722168983774627e-02
-1.921154578529019746e-02
1.847627177438880552e-02
5.916473294730782706e-02
9.080120719723744349e-02
1.041966895347223171e-01
9.080120719723745737e-02
5.916473294730782012e-02
1.847627177438878124e-02
-1.921154578529019746e-02
-4.891722168983773239e-02
-6.944553922416597802e-02
-7.987820524014964396e-02
-8.830633425487089197e-03
-4.654333930741189930e-03
3.346480821302533996e-03
1.847627177438880205e-02
3.880419588191136304e-02
5.416179673498195540e-02
7.196221032973432186e-02
8.235257036848171730e-02
7.196221032973433573e-02
5.416179673498192765e-02
3.880419588191134916e-02
1.847627177438880899e-02
3.346480821302540935e-03
-4.654333930741179522e-03
-8.830633425487110014e-03
7.790486677490597589e-02
7.414279695599600151e-02
6.609866994530959328e-02
5.916473294730785482e-02
5.416179673498196234e-02
5.423366585735927420e-02
5.839287337860524230e-02
6.357963550472245373e-02
5.839287337860525617e-02
5.423366585735924644e-02
5.416179673498194846e-02
5.916473294730786175e-02
6.609866994530960715e-02
7.414279695599598763e-02
7.790486677490592038e-02
1.429673156642859155e-01
1.335172500249394156e-01
1.132202460076647405e-01
9.080120719723748512e-02
7.196221032973432186e-02
5.839287337860515209e-02
5.958477557686406995e-02
6.235369479770137141e-02
5.958477557686409770e-02
5.839287337860520760e-02
7.196221032973434961e-02
9.080120719723748512e-02
1.132202460076647543e-01
1.335172500249394989e-01
1.429673156642858323e-01
1.576117941654371357e-01
1.466077975816175716e-01
1.259270170465963123e-01
1.041966895347223448e-01
8.235257036848170342e-02
6.357963550472242598e-02
6.235369479770139917e-02
6.446397343079789122e-02
6.235369479770144080e-02
6.357963550472241210e-02
8.235257036848168954e-02
1.041966895347223587e-01
1.259270170465963123e-01
1.466077975816175438e-01
1.576117941654370802e-01
1.429673156642859155e-01
1.335172500249394989e-01
1.132202460076647821e-01
9.080120719723749900e-02
7.196221032973432186e-02
5.839287337860516597e-02
5.958477557686399362e-02
6.235369479770140611e-02
5.958477557686405607e-02
5.839287337860522148e-02
7.196221032973430798e-02
9.080120719723748512e-02
1.132202460076647821e-01
1.335172500249395544e-01
1.429673156642858878e-01
7.790486677490596201e-02
7.414279695599604314e-02
6.609866994530956552e-02
5.916473294730785482e-02
5.416179673498193459e-02
5.423366585735923950e-02
5.839287337860517291e-02
6.357963550472242598e-02
5.839287337860520066e-02
5.423366585735925338e-02
5.416179673498195540e-02
5.916473294730786175e-02
6.609866994530956552e-02
7.414279695599604314e-02
7.790486677490596201e-02
-8.830633425487080523e-03
-4.654333930741168246e-03
3.346480821302545705e-03
1.847627177438878818e-02
3.880419588191133529e-02
5.416179673498190683e-02
7.196221032973428022e-02
8.235257036848171730e-02
7.196221032973433573e-02
5.416179673498195540e-02
3.880419588191135610e-02
1.847627177438881940e-02
3.346480821302547874e-03
-4.654333930741191665e-03
-8.830633425487116953e-03
-7.987820524014961621e-02
-6.944553922416600578e-02
-4.891722168983771851e-02
-1.921154578529019746e-02
1.847627177438879165e-02
5.916473294730782012e-02
9.080120719723742961e-02
1.041966895347223032e-01
9.080120719723742961e-02
5.916473294730780624e-02
1.847627177438878818e-02
-1.921154578529019399e-02
-4.891722168983773239e-02
-6.944553922416599190e-02
-7.987820524014968560e-02
-1.128871194624753715e-01
-1.018026835685386933e-01
-8.388874803188081652e-02
-4.891722168983773239e-02
3.346480821302546572e-03
6.609866994530960715e-02
1.132202460076646711e-01
1.259270170465963123e-01
1.132202460076647266e-01
6.609866994530955164e-02
3.346480821302517082e-03
-4.891722168983778096e-02
-8.388874803188083040e-02
-1.018026835685386794e-01
-1.128871194624753160e-01
-1.205956992806509614e-01
-1.140072390925516016e-01
-1.018026835685386794e-01
-6.944553922416603353e-02
-4.654333930741188195e-03
7.414279695599598763e-02
1.335172500249394711e-01
1.466077975816175161e-01
1.335172500249394156e-01
7.414279695599602926e-02
-4.654333930741173450e-03
-6.944553922416599190e-02
-1.018026835685386794e-01
-1.140072390925515322e-01
-1.205956992806509892e-01
-1.242903181773273302e-01
-1.205956992806508782e-01
-1.128871194624754132e-01
-7.987820524014969947e-02
-8.830633425487123891e-03
7.790486677490592038e-02
1.429673156642858878e-01
1.576117941654370802e-01
1.429673156642858878e-01
7.790486677490597589e-02
-8.830633425487078789e-03
-7.987820524014969947e-02
-1.128871194624753715e-01
-1.205956992806509059e-01
-1.242903181773273857e-01
-4.770365923637758659e-02
-5.126855800683182557e-02
-5.462280014780870885e-02
-4.416616522545745160e-02
-1.229661005015041629e-02
3.323487412202988378e-02
6.991700624840427314e-02
7.833844012056161155e-02
6.991700624840427314e-02
3.323487412202989766e-02
-1.229661005015042323e-02
-4.416616522545743773e-02
-5.462280014780873660e-02
-5.126855800683186720e-02
-4.770365923637757272e-02
-5.126855800683179087e-02
-5.225105041931225186e-02
-5.022191634758276652e-02
-3.620585565558954999e-02
-3.410005459050612867e-03
4.137154224701535682e-02
7.540766933215720114e-02
8.305643164782881838e-02
7.540766933215718726e-02
4.137154224701534294e-02
-3.410005459050614602e-03
-3.620585565558954305e-02
-5.022191634758280121e-02
-5.225105041931223798e-02
-5.126855800683183251e-02
-5.462280014780864640e-02
-5.022191634758271100e-02
-3.992187278969926145e-02
-2.125756727416703087e-02
1.114695560326220761e-02
5.127953776734124614e-02
8.200290471088336752e-02
9.008795525260629433e-02
8.200290471088340916e-02
5.127953776734126695e-02
1.114695560326221802e-02
-2.125756727416703087e-02
-3.992187278969922676e-02
-5.022191634758271100e-02
-5.462280014780865334e-02
-4.416616522545734058e-02
-3.620585565558948060e-02
-2.125756727416700312e-02
1.159604599241602363e-03
2.964508445993644867e-02
5.817278724797372846e-02
8.085077576712033920e-02
8.993515775465443784e-02
8.085077576712033920e-02
5.817278724797370765e-02
2.964508445993646948e-02
1.159604599241636624e-03
-2.125756727416698577e-02
-3.620585565558947366e-02
-4.416616522545737528e-02
-1.229661005015038160e-02
-3.410005459050588147e-03
1.114695560326222322e-02
2.964508445993645908e-02
4.815446168443497654e-02
5.908432786673572384e-02
7.033270226962630434e-02
7.650025345887005723e-02
7.033270226962633209e-02
5.908432786673567527e-02
4.815446168443495573e-02
2.964508445993647989e-02
1.114695560326226659e-02
-3.410005459050558657e-03
-1.229661005015039721e-02
3.323487412202988378e-02
4.137154224701534294e-02
5.127953776734124614e-02
5.817278724797371459e-02
5.908432786673572384e-02
6.056969591925611546e-02
6.190261534907871149e-02
6.433045724170091684e-02
6.190261534907868374e-02
6.056969591925602525e-02
5.908432786673568915e-02
5.817278724797374234e-02
5.127953776734128777e-02
4.137154224701539845e-02
3.323487412202986990e-02
6.991700624840425926e-02
7.540766933215720114e-02
8.200290471088338140e-02
8.085077576712035308e-02
7.033270226962629046e-02
6.190261534907866292e-02
5.738807050740490912e-02
5.769564811570467022e-02
5.738807050740490218e-02
6.190261534907869762e-02
7.033270226962630434e-02
8.085077576712033920e-02
8.200290471088340916e-02
7.540766933215722889e-02
6.991700624840427314e-02
7.833844012056161155e-02
8.305643164782886001e-02
9.008795525260634984e-02
8.993515775465441009e-02
7.650025345886998784e-02
6.433045724170095847e-02
5.769564811570469798e-02
5.654365070033762902e-02
5.769564811570464247e-02
6.433045724170093072e-02
7.650025345887002948e-02
8.993515775465439621e-02
9.008795525260632209e-02
8.305643164782879062e-02
7.833844012056162542e-02
6.991700624840427314e-02
7.540766933215721501e-02
8.200290471088346467e-02
8.085077576712039471e-02
7.033270226962630434e-02
6.190261534907866292e-02
5.738807050740492993e-02
5.769564811570471879e-02
5.738807050740494381e-02
6.190261534907870455e-02
7.033270226962627658e-02
8.085077576712035308e-02
8.200290471088343691e-02
7.540766933215721501e-02
6.991700624840425926e-02
3.323487412202986990e-02
4.137154224701535682e-02
5.127953776734129471e-02
5.817278724797373540e-02
5.908432786673570997e-02
6.056969591925603913e-02
6.190261534907873231e-02
6.433045724170091684e-02
6.190261534907872537e-02
6.056969591925603219e-02
5.908432786673573772e-02
5.817278724797376316e-02
5.127953776734130165e-02
4.137154224701537070e-02
3.323487412202987684e-02
-1.229661005015038854e-02
-3.410005459050575571e-03
1.114695560326224577e-02
2.964508445993645908e-02
4.815446168443496266e-02
5.908432786673568915e-02
7.033270226962624883e-02
7.650025345886997397e-02
7.033270226962633209e-02
5.908432786673566139e-02
4.815446168443492103e-02
2.964508445993647989e-02
1.114695560326225791e-02
-3.410005459050570800e-03
-1.229661005015039200e-02
-4.416616522545738915e-02
-3.620585565558949448e-02
-2.125756727416698577e-02
1.159604599241615156e-03
2.964508445993645214e-02
5.817278724797370071e-02
8.085077576712026981e-02
8.993515775465432682e-02
8.085077576712026981e-02
5.817278724797368683e-02
2.964508445993644173e-02
1.159604599241618409e-03
-2.125756727416698577e-02
-3.620585565558948754e-02
-4.416616522545738915e-02
-5.462280014780870885e-02
-5.022191634758275264e-02
-3.992187278969926145e-02
-2.125756727416701700e-02
1.114695560326221802e-02
5.127953776734122532e-02
8.200290471088332589e-02
9.008795525260626658e-02
8.200290471088335365e-02
5.127953776734124614e-02
1.114695560326219546e-02
-2.125756727416702394e-02
-3.992187278969923370e-02
-5.022191634758271794e-02
-5.462280014780870885e-02
-5.126855800683190190e-02
-5.225105041931229349e-02
-5.022191634758275958e-02
-3.620585565558950836e-02
-3.410005459050617638e-03
4.137154224701530131e-02
7.540766933215715950e-02
8.305643164782876287e-02
7.540766933215713175e-02
4.137154224701530825e-02
-3.410005459050613301e-03
-3.620585565558954999e-02
-5.022191634758277345e-02
-5.225105041931226574e-02
-5.126855800683186720e-02
-4.770365923637760047e-02
-5.126855800683188802e-02
-5.462280014780870191e-02
-4.416616522545742385e-02
-1.229661005015043537e-02
3.323487412202986990e-02
6.991700624840424538e-02
7.833844012056158379e-02
6.991700624840427314e-02
3.323487412202986990e-02
-1.229661005015040762e-02
-4.416616522545740303e-02
-5.462280014780875048e-02
-5.126855800683188802e-02
-4.770365923637762823e-02
-1.293772979538586505e-02
-1.479136376429887774e-02
-1.698544663023103876e-02
-1.440091165632857544e-02
-1.711686035420626958e-03
1.764306301685330050e-02
3.397732879831439484e-02
3.789189439168857976e-02
3.397732879831438096e-02
1.764306301685330050e-02
-1.711686035420628259e-03
-1.440091165632860666e-02
-1.698544663023106305e-02
-1.479136376429885692e-02
-1.293772979538583903e-02
-1.479136376429883264e-02
-1.659212701009745231e-02
-1.635052609936026718e-02
-9.277802567621812324e-03
7.343363839404272973e-03
2.808372076607661139e-02
4.440483851418039474e-02
4.830504302208718514e-02
4.440483851418040862e-02
2.808372076607659057e-02
7.343363839404264300e-03
-9.277802567621831406e-03
-1.635052609936026718e-02
-1.659212701009745231e-02
-1.479136376429883437e-02
-1.698544663023096937e-02
-1.635052609936022208e-02
-1.085951898088366799e-02
1.584078447215638919e-03
2.208048736803109105e-02
4.364104671948914466e-02
5.942164820859627272e-02
6.334468377945061401e-02
5.942164820859628660e-02
4.364104671948915160e-02
2.208048736803110840e-02
1.584078447215651062e-03
-1.085951898088365584e-02
-1.635052609936023596e-02
-1.698544663023100060e-02
-1.440091165632849737e-02
-9.277802567621774160e-03
1.584078447215663855e-03
1.775561994384433628e-02
3.861594610031333225e-02
5.735322370954314825e-02
6.934633113240806779e-02
7.372373297956903715e-02
6.934633113240806779e-02
5.735322370954317600e-02
3.861594610031334612e-02
1.775561994384437792e-02
1.584078447215694430e-03
-9.277802567621753344e-03
-1.440091165632850952e-02
-1.711686035420574049e-03
7.343363839404316341e-03
2.208048736803111187e-02
3.861594610031333918e-02
5.478293547914324380e-02
6.597719413356538387e-02
7.304344128322282081e-02
7.584971003059796935e-02
7.304344128322284857e-02
6.597719413356543938e-02
5.478293547914328543e-02
3.861594610031338082e-02
2.208048736803114309e-02
7.343363839404344097e-03
-1.711686035420581856e-03
1.764306301685332826e-02
2.808372076607662873e-02
4.364104671948915160e-02
5.735322370954314825e-02
6.597719413356538387e-02
6.957995462634077033e-02
7.231062361562627661e-02
7.275274908710924193e-02
7.231062361562627661e-02
6.957995462634077033e-02
6.597719413356541163e-02
5.735322370954318294e-02
4.364104671948917241e-02
2.808372076607663220e-02
1.764306301685331091e-02
3.397732879831440178e-02
4.440483851418042249e-02
5.942164820859628660e-02
6.934633113240808167e-02
7.304344128322279306e-02
7.231062361562626273e-02
7.115863187831571179e-02
7.018530745221276956e-02
7.115863187831571179e-02
7.231062361562626273e-02
7.304344128322279306e-02
6.934633113240806779e-02
5.942164820859630742e-02
4.440483851418042943e-02
3.397732879831436709e-02
3.789189439168856588e-02
4.830504302208718514e-02
6.334468377945068340e-02
7.372373297956903715e-02
7.584971003059794159e-02
7.275274908710918642e-02
7.018530745221275569e-02
6.844084053778304311e-02
7.018530745221278344e-02
7.275274908710921418e-02
7.584971003059794159e-02
7.372373297956902327e-02
6.334468377945065565e-02
4.830504302208719902e-02
3.789189439168854506e-02
3.397732879831435321e-02
4.440483851418039474e-02
5.942164820859630742e-02
6.934633113240806779e-02
7.304344128322283469e-02
7.231062361562623497e-02
7.115863187831564241e-02
7.018530745221275569e-02
7.115863187831568404e-02
7.231062361562624885e-02
7.304344128322282081e-02
6.934633113240804003e-02
5.942164820859627272e-02
4.440483851418040862e-02
3.397732879831436015e-02
1.764306301685329703e-02
2.808372076607662526e-02
4.364104671948917241e-02
5.735322370954316906e-02
6.597719413356543938e-02
6.957995462634075645e-02
7.231062361562626273e-02
7.275274908710914479e-02
7.231062361562624885e-02
6.957995462634075645e-02
6.597719413356545326e-02
5.735322370954318294e-02
4.364104671948915853e-02
2.808372076607663567e-02
1.764306301685329356e-02
-1.711686035420592264e-03
7.343363839404305066e-03
2.208048736803111534e-02
3.861594610031334612e-02
5.478293547914327155e-02
6.597719413356545326e-02
7.304344128322279306e-02
7.584971003059791383e-02
7.304344128322277918e-02
6.597719413356542550e-02
5.478293547914325767e-02
3.861594610031333225e-02
2.208048736803112921e-02
7.343363839404314607e-03
-1.711686035420587710e-03
-1.440091165632852686e-02
-9.277802567621784569e-03
1.584078447215657567e-03
1.775561994384434669e-02
3.861594610031333225e-02
5.735322370954314825e-02
6.934633113240804003e-02
7.372373297956899552e-02
6.934633113240802615e-02
5.735322370954314825e-02
3.861594610031331143e-02
1.775561994384434322e-02
1.584078447215669710e-03
-9.277802567621774160e-03
-1.440091165632852686e-02
-1.698544663023102488e-02
-1.635052609936026718e-02
-1.085951898088368013e-02
1.584078447215644557e-03
2.208048736803109105e-02
4.364104671948911690e-02
5.942164820859624497e-02
6.334468377945058626e-02
5.942164820859624497e-02
4.364104671948913772e-02
2.208048736803108758e-02
1.584078447215634365e-03
-1.085951898088365758e-02
-1.635052609936023596e-02
-1.698544663023103876e-02
-1.479136376429886733e-02
-1.659212701009749047e-02
-1.635052609936028453e-02
-9.277802567621812324e-03
7.343363839404274708e-03
2.808372076607658710e-02
4.440483851418037392e-02
4.830504302208717127e-02
4.440483851418040168e-02
2.808372076607659404e-02
7.343363839404273841e-03
-9.277802567621826202e-03
-1.635052609936026718e-02
-1.659212701009745577e-02
-1.479136376429885866e-02
-1.293772979538586505e-02
-1.479136376429887774e-02
-1.698544663023103529e-02
-1.440091165632858237e-02
-1.711686035420635415e-03
1.764306301685328315e-02
3.397732879831437403e-02
3.789189439168857976e-02
3.397732879831436015e-02
1.764306301685329703e-02
-1.711686035420614815e-03
-1.440091165632859278e-02
-1.698544663023106652e-02
-1.479136376429885692e-02
-1.293772979538585291e-02
-2.731515819669681072e-02
-2.564156766048803632e-02
-1.910676142968117594e-02
-6.146205978215423665e-03
1.003277224040372007e-02
2.643103028601871338e-02
3.606917259147569832e-02
3.783119926138375083e-02
3.606917259147565669e-02
2.643103028601870644e-02
1.003277224040370619e-02
-6.146205978215436676e-03
-1.910676142968120370e-02
-2.564156766048805020e-02
-2.731515819669681419e-02
-2.564156766048802591e-02
-2.146032862706992450e-02
-1.158343253754564109e-02
2.354668661502773864e-03
1.867221449340494138e-02
3.384992104487127146e-02
4.222968369064996480e-02
4.352055628216754818e-02
4.222968369064992317e-02
3.384992104487122289e-02
1.867221449340491016e-02
2.354668661502745675e-03
-1.158343253754568446e-02
-2.146032862706994879e-02
-2.564156766048805020e-02
-1.910676142968115859e-02
-1.158343253754565150e-02
1.806770195286613347e-03
1.795466589434084256e-02
3.425644036816357513e-02
4.847682782031399740e-02
5.553082383749585738e-02
5.697808291072400944e-02
5.553082383749581574e-02
4.847682782031399046e-02
3.425644036816359594e-02
1.795466589434082869e-02
1.806770195286599903e-03
-1.158343253754567058e-02
-1.910676142968116553e-02
-6.146205978215419329e-03
2.354668661502753915e-03
1.795466589434082175e-02
3.545480792921568841e-02
5.179574385248154889e-02
6.428961584868406187e-02
7.034021248852338759e-02
7.198289557697726271e-02
7.034021248852338759e-02
6.428961584868411738e-02
5.179574385248154195e-02
3.545480792921574392e-02
1.795466589434084950e-02
2.354668661502775165e-03
-6.146205978215411522e-03
1.003277224040375129e-02
1.867221449340494485e-02
3.425644036816358901e-02
5.179574385248156276e-02
6.701526736467069978e-02
7.670522204398695643e-02
8.154590493889585234e-02
8.279985562777857078e-02
8.154590493889586622e-02
7.670522204398699806e-02
6.701526736467072753e-02
5.179574385248158358e-02
3.425644036816360288e-02
1.867221449340496567e-02
1.003277224040375649e-02
2.643103028601870991e-02
3.384992104487124370e-02
4.847682782031399740e-02
6.428961584868403412e-02
7.670522204398695643e-02
8.367217009677342665e-02
8.777761684348715787e-02
8.823093614325874801e-02
8.777761684348714399e-02
8.367217009677344053e-02
7.670522204398701194e-02
6.428961584868406187e-02
4.847682782031397658e-02
3.384992104487125064e-02
2.643103028601870644e-02
3.606917259147567056e-02
4.222968369064989541e-02
5.553082383749582962e-02
7.034021248852335984e-02
8.154590493889582459e-02
8.777761684348710236e-02
9.001286350298202954e-02
9.036469440904350281e-02
9.001286350298202954e-02
8.777761684348710236e-02
8.154590493889581071e-02
7.034021248852340147e-02
5.553082383749580186e-02
4.222968369064992317e-02
3.606917259147566363e-02
3.783119926138374389e-02
4.352055628216752736e-02
5.697808291072402331e-02
7.198289557697727659e-02
8.279985562777855690e-02
8.823093614325863698e-02
9.036469440904341954e-02
9.079509704120392044e-02
9.036469440904348893e-02
8.823093614325863698e-02
8.279985562777858465e-02
7.198289557697731822e-02
5.697808291072400944e-02
4.352055628216750655e-02
3.783119926138373001e-02
3.606917259147567750e-02
4.222968369064990929e-02
5.553082383749585044e-02
7.034021248852338759e-02
8.154590493889579683e-02
8.777761684348706073e-02
9.001286350298201566e-02
9.036469440904347505e-02
9.001286350298205730e-02
8.777761684348713012e-02
8.154590493889583847e-02
7.034021248852340147e-02
5.553082383749583656e-02
4.222968369064993704e-02
3.606917259147564975e-02
2.643103028601869256e-02
3.384992104487125758e-02
4.847682782031401821e-02
6.428961584868406187e-02
7.670522204398695643e-02
8.367217009677339890e-02
8.777761684348711624e-02
8.823093614325870637e-02
8.777761684348713012e-02
8.367217009677342665e-02
7.670522204398698418e-02
6.428961584868410351e-02
4.847682782031398352e-02
3.384992104487120901e-02
2.643103028601869950e-02
1.003277224040374435e-02
1.867221449340495873e-02
3.425644036816360982e-02
5.179574385248153501e-02
6.701526736467065815e-02
7.670522204398695643e-02
8.154590493889585234e-02
8.279985562777857078e-02
8.154590493889585234e-02
7.670522204398698418e-02
6.701526736467071366e-02
5.179574385248154889e-02
3.425644036816360288e-02
1.867221449340494485e-02
1.003277224040374435e-02
-6.146205978215381165e-03
2.354668661502793379e-03
1.795466589434084950e-02
3.545480792921566759e-02
5.179574385248151419e-02
6.428961584868404799e-02
7.034021248852338759e-02
7.198289557697727659e-02
7.034021248852342922e-02
6.428961584868411738e-02
5.179574385248152113e-02
3.545480792921568147e-02
1.795466589434081828e-02
2.354668661502763022e-03
-6.146205978215389838e-03
-1.910676142968116553e-02
-1.158343253754564803e-02
1.806770195286604456e-03
1.795466589434082869e-02
3.425644036816356125e-02
4.847682782031395576e-02
5.553082383749584350e-02
5.697808291072401637e-02
5.553082383749583656e-02
4.847682782031399740e-02
3.425644036816356125e-02
1.795466589434078011e-02
1.806770195286562172e-03
-1.158343253754567925e-02
-1.910676142968118288e-02
-2.564156766048802244e-02
-2.146032862706992797e-02
-1.158343253754566017e-02
2.354668661502755649e-03
1.867221449340492404e-02
3.384992104487121595e-02
4.222968369064991623e-02
4.352055628216753430e-02
4.222968369064991623e-02
3.384992104487122289e-02
1.867221449340491710e-02
2.354668661502706210e-03
-1.158343253754570527e-02
-2.146032862706995573e-02
-2.564156766048803979e-02
-2.731515819669682113e-02
-2.564156766048804326e-02
-1.910676142968118288e-02
-6.146205978215436676e-03
1.003277224040370272e-02
2.643103028601869950e-02
3.606917259147568444e-02
3.783119926138375083e-02
3.606917259147564975e-02
2.643103028601870991e-02
1.003277224040371486e-02
-6.146205978215445349e-03
-1.910676142968120023e-02
-2.564156766048805713e-02
-2.731515819669681419e-02
-4.196647531298895728e-02
-3.449372900104796108e-02
-1.832388185914207712e-02
2.555007964050262561e-03
2.293142800465015549e-02
4.016703649163513162e-02
4.956209387571793717e-02
5.226985135065029264e-02
4.956209387571790942e-02
4.016703649163513162e-02
2.293142800465014508e-02
2.555007964050258658e-03
-1.832388185914206324e-02
-3.449372900104796108e-02
-4.196647531298897810e-02
-3.449372900104796108e-02
-2.595887244193082269e-02
-9.579528948646540143e-03
1.040347259523379843e-02
2.916573758082187384e-02
4.433491276953804155e-02
5.221124816080839615e-02
5.411561383937425057e-02
5.221124816080837533e-02
4.433491276953797910e-02
2.916573758082182874e-02
1.040347259523379669e-02
-9.579528948646550551e-03
-2.595887244193081575e-02
-3.449372900104796802e-02
-1.832388185914207018e-02
-9.579528948646552286e-03
6.266134361709667887e-03
2.492063629762422683e-02
4.179805720644232114e-02
5.439038890182198299e-02
6.015811249883556283e-02
6.115229184449405553e-02
6.015811249883554895e-02
5.439038890182195524e-02
4.179805720644230727e-02
2.492063629762421989e-02
6.266134361709648805e-03
-9.579528948646578307e-03
-1.832388185914210141e-02
2.555007964050242612e-03
1.040347259523377588e-02
2.492063629762420601e-02
4.193304857234995964e-02
5.723908442032767802e-02
6.831005848501993383e-02
7.286868745038101169e-02
7.346771428024127804e-02
7.286868745038098394e-02
6.831005848501991995e-02
5.723908442032769883e-02
4.193304857234997352e-02
2.492063629762421642e-02
1.040347259523375680e-02
2.555007964050240010e-03
2.293142800465021100e-02
2.916573758082187384e-02
4.179805720644230727e-02
5.723908442032767802e-02
7.181187433617931826e-02
8.334021625108412046e-02
8.839062790465178343e-02
8.974952147955121695e-02
8.839062790465174180e-02
8.334021625108412046e-02
7.181187433617937377e-02
5.723908442032769189e-02
4.179805720644231420e-02
2.916573758082185649e-02
2.293142800465017631e-02
4.016703649163513856e-02
4.433491276953799298e-02
5.439038890182196218e-02
6.831005848501991995e-02
8.334021625108413434e-02
9.546915406230244150e-02
1.031390542278683292e-01
1.051043859202474701e-01
1.031390542278683431e-01
9.546915406230245538e-02
8.334021625108409270e-02
6.831005848501991995e-02
5.439038890182194136e-02
4.433491276953799992e-02
4.016703649163511081e-02
4.956209387571790942e-02
5.221124816080836839e-02
6.015811249883553508e-02
7.286868745038098394e-02
8.839062790465175568e-02
1.031390542278683015e-01
1.127099344570049178e-01
1.158064559075421968e-01
1.127099344570048761e-01
1.031390542278683431e-01
8.839062790465174180e-02
7.286868745038097006e-02
6.015811249883553508e-02
5.221124816080834757e-02
4.956209387571790248e-02
5.226985135065028570e-02
5.411561383937422975e-02
6.115229184449406247e-02
7.346771428024127804e-02
8.974952147955114756e-02
1.051043859202473729e-01
1.158064559075421690e-01
1.194374455887056569e-01
1.158064559075421968e-01
1.051043859202474007e-01
8.974952147955113368e-02
7.346771428024127804e-02
6.115229184449408328e-02
5.411561383937425751e-02
5.226985135065027877e-02
4.956209387571791636e-02
5.221124816080837533e-02
6.015811249883559059e-02
7.286868745038099782e-02
8.839062790465172792e-02
1.031390542278682321e-01
1.127099344570049316e-01
1.158064559075422106e-01
1.127099344570049316e-01
1.031390542278683292e-01
8.839062790465174180e-02
7.286868745038099782e-02
6.015811249883556283e-02
5.221124816080834757e-02
4.956209387571790248e-02
4.016703649163509693e-02
4.433491276953799992e-02
5.439038890182200381e-02
6.831005848501993383e-02
8.334021625108407882e-02
9.546915406230248313e-02
1.031390542278683847e-01
1.051043859202475256e-01
1.031390542278683570e-01
9.546915406230252477e-02
8.334021625108413434e-02
6.831005848501997546e-02
5.439038890182196911e-02
4.433491276953798604e-02
4.016703649163507611e-02
2.293142800465018671e-02
2.916573758082189119e-02
4.179805720644232808e-02
5.723908442032769189e-02
7.181187433617934601e-02
8.334021625108416209e-02
8.839062790465181119e-02
8.974952147955123083e-02
8.839062790465179731e-02
8.334021625108414821e-02
7.181187433617935989e-02
5.723908442032767802e-02
4.179805720644231420e-02
2.916573758082184956e-02
2.293142800465016590e-02
2.555007964050302460e-03
1.040347259523385741e-02
2.492063629762425458e-02
4.193304857234996658e-02
5.723908442032768495e-02
6.831005848501997546e-02
7.286868745038103945e-02
7.346771428024137518e-02
7.286868745038105333e-02
6.831005848501997546e-02
5.723908442032770577e-02
4.193304857234990413e-02
2.492063629762419213e-02
1.040347259523376720e-02
2.555007964050270801e-03
-1.832388185914203896e-02
-9.579528948646514122e-03
6.266134361709681765e-03
2.492063629762424071e-02
4.179805720644230727e-02
5.439038890182195524e-02
6.015811249883554201e-02
6.115229184449406247e-02
6.015811249883559753e-02
5.439038890182198299e-02
4.179805720644231420e-02
2.492063629762418173e-02
6.266134361709623651e-03
-9.579528948646578307e-03
-1.832388185914206671e-02
-3.449372900104795414e-02
-2.595887244193082269e-02
-9.579528948646559225e-03
1.040347259523380190e-02
2.916573758082187731e-02
4.433491276953801380e-02
5.221124816080836839e-02
5.411561383937426445e-02
5.221124816080836839e-02
4.433491276953799992e-02
2.916573758082183221e-02
1.040347259523377067e-02
-9.579528948646583511e-03
-2.595887244193081575e-02
-3.449372900104794026e-02
-4.196647531298893646e-02
-3.449372900104795414e-02
-1.832388185914209447e-02
2.555007964050255188e-03
2.293142800465014161e-02
4.016703649163511081e-02
4.956209387571793717e-02
5.226985135065028570e-02
4.956209387571793717e-02
4.016703649163512468e-02
2.293142800465015202e-02
2.555007964050254755e-03
-1.832388185914207365e-02
-3.449372900104794720e-02
-4.196647531298892952e-02
-5.110989778160870967e-02
-4.037323834231801301e-02
-1.783095273471339143e-02
9.726153044578194837e-03
3.561671057541022228e-02
5.635109575619470790e-02
6.686768990759253684e-02
7.071815092635214128e-02
6.686768990759252296e-02
5.635109575619465239e-02
3.561671057541016677e-02
9.726153044578153203e-03
-1.783095273471340877e-02
-4.037323834231799913e-02
-5.110989778160875130e-02
-4.037323834231803382e-02
-2.928079703590810018e-02
-7.242973786783346579e-03
1.840859528584593355e-02
4.136356466475928778e-02
5.907868589040405488e-02
6.736481596848094278e-02
7.001983959379809441e-02
6.736481596848092890e-02
5.907868589040401325e-02
4.136356466475923921e-02
1.840859528584593355e-02
-7.242973786783309283e-03
-2.928079703590806895e-02
-4.037323834231804076e-02
-1.783095273471345388e-02
-7.242973786783363059e-03
1.196342774194793061e-02
3.390060785243072944e-02
5.272152695939439498e-02
6.607333414416083350e-02
7.136366936021673602e-02
7.246536603965075818e-02
7.136366936021674989e-02
6.607333414416084738e-02
5.272152695939441580e-02
3.390060785243070862e-02
1.196342774194790459e-02
-7.242973786783394284e-03
-1.783095273471348510e-02
9.726153044578085549e-03
1.840859528584588845e-02
3.390060785243071556e-02
5.162036083727091634e-02
6.709769754753458493e-02
7.824226531694480902e-02
8.244182716686120072e-02
8.299075103571099121e-02
8.244182716686121459e-02
7.824226531694480902e-02
6.709769754753464044e-02
5.162036083727093022e-02
3.390060785243067393e-02
1.840859528584584334e-02
9.726153044578078610e-03
3.561671057541015983e-02
4.136356466475925309e-02
5.272152695939438805e-02
6.709769754753462656e-02
8.161622655246422720e-02
9.398481635878311313e-02
9.979709160875684104e-02
1.012084803236934227e-01
9.979709160875679941e-02
9.398481635878311313e-02
8.161622655246425495e-02
6.709769754753461268e-02
5.272152695939439498e-02
4.136356466475921839e-02
3.561671057541017371e-02
5.635109575619460381e-02
5.907868589040402713e-02
6.607333414416084738e-02
7.824226531694483677e-02
9.398481635878305762e-02
1.091155727752120830e-01
1.193359903146057888e-01
1.218210861120703481e-01
1.193359903146058026e-01
1.091155727752121107e-01
9.398481635878311313e-02
7.824226531694483677e-02
6.607333414416087514e-02
5.907868589040402019e-02
5.635109575619462463e-02
6.686768990759249520e-02
6.736481596848088726e-02
7.136366936021673602e-02
8.244182716686114520e-02
9.979709160875673002e-02
1.193359903146057471e-01
1.329903535963906924e-01
1.367308817110480801e-01
1.329903535963906647e-01
1.193359903146057749e-01
9.979709160875677165e-02
8.244182716686118684e-02
7.136366936021673602e-02
6.736481596848091502e-02
6.686768990759248132e-02
7.071815092635214128e-02
7.001983959379806666e-02
7.246536603965075818e-02
8.299075103571097733e-02
1.012084803236933811e-01
1.218210861120703203e-01
1.367308817110480801e-01
1.407432236656847580e-01
1.367308817110480246e-01
1.218210861120703481e-01
1.012084803236933533e-01
8.299075103571099121e-02
7.246536603965077206e-02
7.001983959379808053e-02
7.071815092635212741e-02
6.686768990759255071e-02
6.736481596848094278e-02
7.136366936021679153e-02
8.244182716686120072e-02
9.979709160875678553e-02
1.193359903146057610e-01
1.329903535963906924e-01
1.367308817110481078e-01
1.329903535963907479e-01
1.193359903146057888e-01
9.979709160875678553e-02
8.244182716686121459e-02
7.136366936021674989e-02
6.736481596848094278e-02
6.686768990759250908e-02
5.635109575619462463e-02
5.907868589040402713e-02
6.607333414416088901e-02
7.824226531694485065e-02
9.398481635878312701e-02
1.091155727752121385e-01
1.193359903146058998e-01
1.218210861120704314e-01
1.193359903146058720e-01
1.091155727752121246e-01
9.398481635878309925e-02
7.824226531694479514e-02
6.607333414416087514e-02
5.907868589040402713e-02
5.635109575619461075e-02
3.561671057541017371e-02
4.136356466475928778e-02
5.272152695939438805e-02
6.709769754753461268e-02
8.161622655246429658e-02
9.398481635878318252e-02
9.979709160875686880e-02
1.012084803236935060e-01
9.979709160875688267e-02
9.398481635878314089e-02
8.161622655246422720e-02
6.709769754753461268e-02
5.272152695939439498e-02
4.136356466475925309e-02
3.561671057541020147e-02
9.726153044578203510e-03
1.840859528584594396e-02
3.390060785243069474e-02
5.162036083727090940e-02
6.709769754753464044e-02
7.824226531694485065e-02
8.244182716686122847e-02
8.299075103571103285e-02
8.244182716686129786e-02
7.824226531694485065e-02
6.709769754753464044e-02
5.162036083727090940e-02
3.390060785243071556e-02
1.840859528584588845e-02
9.726153044578149734e-03
-1.783095273471339143e-02
-7.242973786783333569e-03
1.196342774194791327e-02
3.390060785243071556e-02
5.272152695939436723e-02
6.607333414416086126e-02
7.136366936021674989e-02
7.246536603965077206e-02
7.136366936021676377e-02
6.607333414416091677e-02
5.272152695939439498e-02
3.390060785243071556e-02
1.196342774194792194e-02
-7.242973786783369998e-03
-1.783095273471341571e-02
-4.037323834231801994e-02
-2.928079703590808977e-02
-7.242973786783358722e-03
1.840859528584595090e-02
4.136356466475927390e-02
5.907868589040402713e-02
6.736481596848092890e-02
7.001983959379809441e-02
6.736481596848092890e-02
5.907868589040401325e-02
4.136356466475925309e-02
1.840859528584594049e-02
-7.242973786783348314e-03
-2.928079703590806548e-02
-4.037323834231800607e-02
-5.110989778160870273e-02
-4.037323834231799913e-02
-1.783095273471342612e-02
9.726153044578170551e-03
3.561671057541021534e-02
5.635109575619470096e-02
6.686768990759253684e-02
7.071815092635216904e-02
6.686768990759252296e-02
5.635109575619463157e-02
3.561671057541017371e-02
9.726153044578167081e-03
-1.783095273471342265e-02
-4.037323834231799219e-02
-5.110989778160867497e-02
-5.515562276626885529e-02
-4.186929552439918462e-02
-1.527571429507329839e-02
1.761076736852731917e-02
4.978560215573971104e-02
7.557031596583657640e-02
9.046781897167360809e-02
9.580282330047519557e-02
9.046781897167355257e-02
7.557031596583653477e-02
4.978560215573962777e-02
1.761076736852721161e-02
-1.527571429507334523e-02
-4.186929552439918462e-02
-5.515562276626886223e-02
-4.186929552439919849e-02
-2.904129374397170990e-02
-3.785905943279830980e-03
2.655049555056171115e-02
5.484372366507556107e-02
7.695797846237087403e-02
8.835871384947747986e-02
9.247126028847074686e-02
8.835871384947747986e-02
7.695797846237088791e-02
5.484372366507554719e-02
2.655049555056168686e-02
-3.785905943279833583e-03
-2.904129374397168561e-02
-4.186929552439921237e-02
-1.527571429507335390e-02
-3.785905943279865241e-03
1.775705290764849689e-02
4.248285132040305334e-02
6.473417081750236501e-02
8.116625910562730306e-02
8.885397330183909814e-02
9.104208800433286064e-02
8.885397330183908426e-02
8.116625910562728918e-02
6.473417081750242053e-02
4.248285132040306028e-02
1.775705290764848995e-02
-3.785905943279871746e-03
-1.527571429507336778e-02
1.761076736852723937e-02
2.655049555056167299e-02
4.248285132040303252e-02
6.096001285872016534e-02
7.799888347536795830e-02
9.105448905007273996e-02
9.662258309055433980e-02
9.805558904779067275e-02
9.662258309055435368e-02
9.105448905007268445e-02
7.799888347536802768e-02
6.096001285872017228e-02
4.248285132040301865e-02
2.655049555056162094e-02
1.761076736852719427e-02
4.978560215573957920e-02
5.484372366507544311e-02
6.473417081750233726e-02
7.799888347536801381e-02
9.265045628603361949e-02
1.059457967776503418e-01
1.125116940508894131e-01
1.144905997623378718e-01
1.125116940508894409e-01
1.059457967776503279e-01
9.265045628603363337e-02
7.799888347536799993e-02
6.473417081750235114e-02
5.484372366507549862e-02
4.978560215573962083e-02
7.557031596583640987e-02
7.695797846237076301e-02
8.116625910562723367e-02
9.105448905007268445e-02
1.059457967776503279e-01
1.216495731466114699e-01
1.326020915278542378e-01
1.353023971374509027e-01
1.326020915278542378e-01
1.216495731466114699e-01
1.059457967776503279e-01
9.105448905007275384e-02
8.116625910562730306e-02
7.695797846237081852e-02
7.557031596583646538e-02
9.046781897167346931e-02
8.835871384947739660e-02
8.885397330183902875e-02
9.662258309055428429e-02
1.125116940508893576e-01
1.326020915278542378e-01
1.468347309531961853e-01
1.504595803777820373e-01
1.468347309531961575e-01
1.326020915278541545e-01
1.125116940508894131e-01
9.662258309055436756e-02
8.885397330183907039e-02
8.835871384947739660e-02
9.046781897167351094e-02
9.580282330047514006e-02
9.247126028847069135e-02
9.104208800433284676e-02
9.805558904779064500e-02
1.144905997623377608e-01
1.353023971374509304e-01
1.504595803777822316e-01
1.543918073799726565e-01
1.504595803777820928e-01
1.353023971374508749e-01
1.144905997623378163e-01
9.805558904779063112e-02
9.104208800433286064e-02
9.247126028847070522e-02
9.580282330047518169e-02
9.046781897167355257e-02
8.835871384947745211e-02
8.885397330183913978e-02
9.662258309055431205e-02
1.125116940508893715e-01
1.326020915278542101e-01
1.468347309531961298e-01
1.504595803777821483e-01
1.468347309531961853e-01
1.326020915278542101e-01
1.125116940508893298e-01
9.662258309055432592e-02
8.885397330183909814e-02
8.835871384947746598e-02
9.046781897167359421e-02
7.557031596583649313e-02
7.695797846237080464e-02
8.116625910562733082e-02
9.105448905007275384e-02
1.059457967776503556e-01
1.216495731466115532e-01
1.326020915278542378e-01
1.353023971374509582e-01
1.326020915278542378e-01
1.216495731466114560e-01
1.059457967776502724e-01
9.105448905007265670e-02
8.116625910562730306e-02
7.695797846237081852e-02
7.557031596583650701e-02
4.978560215573966247e-02
5.484372366507554025e-02
6.473417081750239277e-02
7.799888347536801381e-02
9.265045628603373051e-02
1.059457967776504111e-01
1.125116940508895103e-01
1.144905997623379135e-01
1.125116940508894964e-01
1.059457967776503695e-01
9.265045628603363337e-02
7.799888347536797217e-02
6.473417081750236501e-02
5.484372366507555413e-02
4.978560215573966247e-02
1.761076736852734345e-02
2.655049555056173197e-02
4.248285132040302559e-02
6.096001285872013759e-02
7.799888347536802768e-02
9.105448905007279548e-02
9.662258309055436756e-02
9.805558904779072826e-02
9.662258309055438144e-02
9.105448905007276772e-02
7.799888347536801381e-02
6.096001285872010289e-02
4.248285132040303252e-02
2.655049555056166952e-02
1.761076736852728100e-02
-1.527571429507322380e-02
-3.785905943279811465e-03
1.775705290764849342e-02
4.248285132040301865e-02
6.473417081750237889e-02
8.116625910562735857e-02
8.885397330183911202e-02
9.104208800433287452e-02
8.885397330183912590e-02
8.116625910562731694e-02
6.473417081750239277e-02
4.248285132040305334e-02
1.775705290764852812e-02
-3.785905943279822307e-03
-1.527571429507327758e-02
-4.186929552439912217e-02
-2.904129374397167521e-02
-3.785905943279844425e-03
2.655049555056168686e-02
5.484372366507559576e-02
7.695797846237090178e-02
8.835871384947750762e-02
9.247126028847074686e-02
8.835871384947746598e-02
7.695797846237081852e-02
5.484372366507554025e-02
2.655049555056172156e-02
-3.785905943279820138e-03
-2.904129374397165786e-02
-4.186929552439910829e-02
-5.515562276626884142e-02
-4.186929552439918462e-02
-1.527571429507332962e-02
1.761076736852727059e-02
4.978560215573968328e-02
7.557031596583656252e-02
9.046781897167358033e-02
9.580282330047523720e-02
9.046781897167362196e-02
7.557031596583652089e-02
4.978560215573964859e-02
1.761076736852724978e-02
-1.527571429507333482e-02
-4.186929552439915686e-02
-5.515562276626880672e-02
-5.220074412690522275e-02
-3.775516526054185917e-02
-1.043895596225349366e-02
2.616095137900541559e-02
6.311713744004331106e-02
9.337665217924052963e-02
1.127651323194077543e-01
1.181565855613337518e-01
1.127651323194077682e-01
9.337665217924048799e-02
6.311713744004325555e-02
2.616095137900536702e-02
-1.043895596225352142e-02
-3.775516526054185223e-02
-5.220074412690518806e-02
-3.775516526054188693e-02
-2.419743730303448512e-02
1.661625879734944522e-03
3.485870736942510428e-02
6.753528944768689979e-02
9.377578539349726294e-02
1.095108667616515735e-01
1.141977317651460822e-01
1.095108667616515874e-01
9.377578539349726294e-02
6.753528944768699693e-02
3.485870736942510428e-02
1.661625879734961436e-03
-2.419743730303440532e-02
-3.775516526054183142e-02
-1.043895596225350234e-02
1.661625879734913080e-03
2.379734471495831283e-02
5.087285320708310327e-02
7.648265573025556097e-02
9.642999600521048875e-02
1.069815609632235737e-01
1.103436101722033574e-01
1.069815609632235875e-01
9.642999600521047487e-02
7.648265573025554709e-02
5.087285320708313796e-02
2.379734471495831977e-02
1.661625879734941920e-03
-1.043895596225351448e-02
2.616095137900539477e-02
3.485870736942506959e-02
5.087285320708308245e-02
6.997265063018923148e-02
8.845111816146880579e-02
1.037537630668813049e-01
1.108889495300835887e-01
1.131074636355635932e-01
1.108889495300836164e-01
1.037537630668813049e-01
8.845111816146884742e-02
6.997265063018927311e-02
5.087285320708311021e-02
3.485870736942506265e-02
2.616095137900536702e-02
6.311713744004322779e-02
6.753528944768687203e-02
7.648265573025549158e-02
8.845111816146884742e-02
1.023822225443527800e-01
1.158655469743699595e-01
1.224317399028681946e-01
1.243343146521664611e-01
1.224317399028682085e-01
1.158655469743699734e-01
1.023822225443528217e-01
8.845111816146886130e-02
7.648265573025553321e-02
6.753528944768689979e-02
6.311713744004326943e-02
9.337665217924043248e-02
9.377578539349716580e-02
9.642999600521043324e-02
1.037537630668812771e-01
1.158655469743699734e-01
1.295082392344692190e-01
1.383635675157909306e-01
1.406203622831266598e-01
1.383635675157909584e-01
1.295082392344691913e-01
1.158655469743699595e-01
1.037537630668813188e-01
9.642999600521047487e-02
9.377578539349722131e-02
9.337665217924047412e-02
1.127651323194077543e-01
1.095108667616515041e-01
1.069815609632235459e-01
1.108889495300835332e-01
1.224317399028681391e-01
1.383635675157909861e-01
1.484568639487784114e-01
1.515953905300847782e-01
1.484568639487783837e-01
1.383635675157908196e-01
1.224317399028681114e-01
1.108889495300836164e-01
1.069815609632235459e-01
1.095108667616515180e-01
1.127651323194077126e-01
1.181565855613337379e-01
1.141977317651460405e-01
1.103436101722033436e-01
1.131074636355635793e-01
1.243343146521664333e-01
1.406203622831266320e-01
1.515953905300848337e-01
1.553373009190348875e-01
1.515953905300848337e-01
1.406203622831267430e-01
1.243343146521663778e-01
1.131074636355635377e-01
1.103436101722033158e-01
1.141977317651460544e-01
1.181565855613337518e-01
1.127651323194077543e-01
1.095108667616515319e-01
1.069815609632236153e-01
1.108889495300835470e-01
1.224317399028680836e-01
1.383635675157909306e-01
1.484568639487784114e-01
1.515953905300848059e-01
1.484568639487785224e-01
1.383635675157908196e-01
1.224317399028681114e-01
1.108889495300835054e-01
1.069815609632235737e-01
1.095108667616515735e-01
1.127651323194077682e-01
9.337665217924048799e-02
9.377578539349722131e-02
9.642999600521048875e-02
1.037537630668813049e-01
1.158655469743699595e-01
1.295082392344691913e-01
1.383635675157909584e-01
1.406203622831265765e-01
1.383635675157909584e-01
1.295082392344692190e-01
1.158655469743699040e-01
1.037537630668812494e-01
9.642999600521048875e-02
9.377578539349722131e-02
9.337665217924046024e-02
6.311713744004332494e-02
6.753528944768702469e-02
7.648265573025560260e-02
8.845111816146887518e-02
1.023822225443528494e-01
1.158655469743699873e-01
1.224317399028681530e-01
1.243343146521664749e-01
1.224317399028681669e-01
1.158655469743699457e-01
1.023822225443527939e-01
8.845111816146883355e-02
7.648265573025551933e-02
6.753528944768689979e-02
6.311713744004329718e-02
2.616095137900546416e-02
3.485870736942514592e-02
5.087285320708312408e-02
6.997265063018920372e-02
8.845111816146884742e-02
1.037537630668813465e-01
1.108889495300836442e-01
1.131074636355636209e-01
1.108889495300836303e-01
1.037537630668812633e-01
8.845111816146880579e-02
6.997265063018917597e-02
5.087285320708308245e-02
3.485870736942509734e-02
2.616095137900541559e-02
-1.043895596225342601e-02
1.661625879734992010e-03
2.379734471495828507e-02
5.087285320708308245e-02
7.648265573025557484e-02
9.642999600521057202e-02
1.069815609632236292e-01
1.103436101722033713e-01
1.069815609632235875e-01
9.642999600521046100e-02
7.648265573025551933e-02
5.087285320708306163e-02
2.379734471495832671e-02
1.661625879734998082e-03
-1.043895596225345550e-02
-3.775516526054182448e-02
-2.419743730303444348e-02
1.661625879734910044e-03
3.485870736942511122e-02
6.753528944768696918e-02
9.377578539349733233e-02
1.095108667616516152e-01
1.141977317651461099e-01
1.095108667616515596e-01
9.377578539349724907e-02
6.753528944768687203e-02
3.485870736942509041e-02
1.661625879734962303e-03
-2.419743730303439144e-02
-3.775516526054181060e-02
-5.220074412690520888e-02
-3.775516526054186611e-02
-1.043895596225354050e-02
2.616095137900540171e-02
6.311713744004328330e-02
9.337665217924054351e-02
1.127651323194077959e-01
1.181565855613337795e-01
1.127651323194077820e-01
9.337665217924047412e-02
6.311713744004326943e-02
2.616095137900538437e-02
-1.043895596225351101e-02
-3.775516526054183836e-02
-5.220074412690516724e-02
-4.350355879457767222e-02
-3.006047356723788935e-02
-3.642388288029441753e-03
3.436112711242570589e-02
7.705955726721284982e-02
1.135110853227630501e-01
1.372683016011802259e-01
1.470661897221531567e-01
1.372683016011801149e-01
1.135110853227630778e-01
7.705955726721286370e-02
3.436112711242571977e-02
-3.642388288029385374e-03
-3.006047356723781649e-02
-4.350355879457766528e-02
-3.006047356723786160e-02
-1.672230489404909204e-02
7.869956009198099747e-03
4.253237895011432318e-02
8.034860882873352816e-02
1.122828652073937505e-01
1.326377910770643043e-01
1.407888287917003767e-01
1.326377910770642210e-01
1.122828652073937922e-01
8.034860882873358368e-02
4.253237895011433012e-02
7.869956009198162197e-03
-1.672230489404902612e-02
-3.006047356723784772e-02
-3.642388288029404890e-03
7.869956009198092808e-03
2.834774400522576884e-02
5.700058291604287453e-02
8.697508717255199306e-02
1.112791111077117284e-01
1.256544228991586520e-01
1.311889390627260787e-01
1.256544228991586798e-01
1.112791111077116729e-01
8.697508717255203470e-02
5.700058291604293698e-02
2.834774400522584517e-02
7.869956009198144850e-03
-3.642388288029390579e-03
3.436112711242567119e-02
4.253237895011427461e-02
5.700058291604282595e-02
7.644683912369003298e-02
9.695812232373543504e-02
1.134286596804021524e-01
1.229156057526172019e-01
1.259508472730374584e-01
1.229156057526171741e-01
1.134286596804021940e-01
9.695812232373546280e-02
7.644683912369006074e-02
5.700058291604295779e-02
4.253237895011432318e-02
3.436112711242569895e-02
7.705955726721269716e-02
8.034860882873338939e-02
8.697508717255196531e-02
9.695812232373543504e-02
1.085731520594179628e-01
1.197879166447893967e-01
1.259194582157819042e-01
1.272697452194423429e-01
1.259194582157818765e-01
1.197879166447894800e-01
1.085731520594180183e-01
9.695812232373547668e-02
8.697508717255202082e-02
8.034860882873348653e-02
7.705955726721279431e-02
1.135110853227629391e-01
1.122828652073936812e-01
1.112791111077116729e-01
1.134286596804021524e-01
1.197879166447893828e-01
1.285566019467264953e-01
1.338405993379738201e-01
1.348313272914613281e-01
1.338405993379739034e-01
1.285566019467264398e-01
1.197879166447894522e-01
1.134286596804021524e-01
1.112791111077117284e-01
1.122828652073937089e-01
1.135110853227630084e-01
1.372683016011801982e-01
1.326377910770641932e-01
1.256544228991586243e-01
1.229156057526171603e-01
1.259194582157819042e-01
1.338405993379738756e-01
1.380801469024496297e-01
1.391541001246548726e-01
1.380801469024496575e-01
1.338405993379738479e-01
1.259194582157819875e-01
1.229156057526171880e-01
1.256544228991586798e-01
1.326377910770642488e-01
1.372683016011801982e-01
1.470661897221531567e-01
1.407888287917004322e-01
1.311889390627260787e-01
1.259508472730375139e-01
1.272697452194423706e-01
1.348313272914614946e-01
1.391541001246549836e-01
1.403930105953659357e-01
1.391541001246550668e-01
1.348313272914614114e-01
1.272697452194422874e-01
1.259508472730374862e-01
1.311889390627259677e-01
1.407888287917003489e-01
1.470661897221531844e-01
1.372683016011802815e-01
1.326377910770642765e-01
1.256544228991587353e-01
1.229156057526171603e-01
1.259194582157817932e-01
1.338405993379739034e-01
1.380801469024497408e-01
1.391541001246550668e-01
1.380801469024498240e-01
1.338405993379739034e-01
1.259194582157818765e-01
1.229156057526171186e-01
1.256544228991585965e-01
1.326377910770641932e-01
1.372683016011801982e-01
1.135110853227630640e-01
1.122828652073937505e-01
1.112791111077117284e-01
1.134286596804021524e-01
1.197879166447894383e-01
1.285566019467264953e-01
1.338405993379738479e-01
1.348313272914614114e-01
1.338405993379740144e-01
1.285566019467264676e-01
1.197879166447893967e-01
1.134286596804020969e-01
1.112791111077116313e-01
1.122828652073936950e-01
1.135110853227630640e-01
7.705955726721282206e-02
8.034860882873358368e-02
8.697508717255200694e-02
9.695812232373546280e-02
1.085731520594179766e-01
1.197879166447894522e-01
1.259194582157818765e-01
1.272697452194423984e-01
1.259194582157819042e-01
1.197879166447894245e-01
1.085731520594179766e-01
9.695812232373540729e-02
8.697508717255200694e-02
8.034860882873352816e-02
7.705955726721283594e-02
3.436112711242576140e-02
4.253237895011436481e-02
5.700058291604288147e-02
7.644683912369003298e-02
9.695812232373544892e-02
1.134286596804021940e-01
1.229156057526171741e-01
1.259508472730375139e-01
1.229156057526171741e-01
1.134286596804021385e-01
9.695812232373539341e-02
7.644683912369001910e-02
5.700058291604294392e-02
4.253237895011437869e-02
3.436112711242574752e-02
-3.642388288029338970e-03
7.869956009198172606e-03
2.834774400522580701e-02
5.700058291604288840e-02
8.697508717255202082e-02
1.112791111077117562e-01
1.256544228991586243e-01
1.311889390627261343e-01
1.256544228991586520e-01
1.112791111077116729e-01
8.697508717255193755e-02
5.700058291604293698e-02
2.834774400522586252e-02
7.869956009198181279e-03
-3.642388288029359353e-03
-3.006047356723786160e-02
-1.672230489404905387e-02
7.869956009198134442e-03
4.253237895011435094e-02
8.034860882873356980e-02
1.122828652073937644e-01
1.326377910770643320e-01
1.407888287917003767e-01
1.326377910770642488e-01
1.122828652073937228e-01
8.034860882873348653e-02
4.253237895011433706e-02
7.869956009198156993e-03
-1.672230489404902612e-02
-3.006047356723785119e-02
-4.350355879457770691e-02
-3.006047356723789976e-02
-3.642388288029431345e-03
3.436112711242571283e-02
7.705955726721280818e-02
1.135110853227630640e-01
1.372683016011802537e-01
1.470661897221531844e-01
1.372683016011801149e-01
1.135110853227630223e-01
7.705955726721280818e-02
3.436112711242572670e-02
-3.642388288029380170e-03
-3.006047356723780262e-02
-4.350355879457767916e-02
-3.619823459336989069e-02
-2.570099910377651384e-02
-1.658050732026908596e-03
3.594963992891403448e-02
8.716873449614685743e-02
1.388096484128067409e-01
1.775358973811547725e-01
1.920227007974572853e-01
1.775358973811547725e-01
1.388096484128068797e-01
8.716873449614688518e-02
3.594963992891408999e-02
-1.658050732026801694e-03
-2.570099910377642710e-02
-3.619823459336984212e-02
-2.570099910377649996e-02
-1.544875492391100356e-02
6.914159552607342281e-03
4.190005181286639291e-02
8.864563315069101668e-02
1.349052746812402503e-01
1.687997205277345925e-01
1.808446202648504864e-01
1.687997205277344537e-01
1.349052746812402226e-01
8.864563315069098892e-02
4.190005181286642760e-02
6.914159552607417741e-03
-1.544875492391092550e-02
-2.570099910377648261e-02
-1.658050732026872167e-03
6.914159552607346618e-03
2.550618762531932024e-02
5.468420833878063353e-02
9.233086641159021779e-02
1.280549856118895213e-01
1.532279104454925822e-01
1.613607399252991181e-01
1.532279104454925267e-01
1.280549856118894936e-01
9.233086641159025942e-02
5.468420833878066822e-02
2.550618762531939657e-02
6.914159552607414272e-03
-1.658050732026860891e-03
3.594963992891397897e-02
4.190005181286637209e-02
5.468420833878061271e-02
7.428530526319904181e-02
9.903083020355701871e-02
1.224111728758860290e-01
1.381004355677972750e-01
1.425303905708302232e-01
1.381004355677972473e-01
1.224111728758860707e-01
9.903083020355701871e-02
7.428530526319905569e-02
5.468420833878061965e-02
4.190005181286637903e-02
3.594963992891399979e-02
8.716873449614676028e-02
8.864563315069091953e-02
9.233086641159013452e-02
9.903083020355696320e-02
1.082251084674543534e-01
1.189011105412088459e-01
1.251661772952162854e-01
1.270159997083227521e-01
1.251661772952162299e-01
1.189011105412089153e-01
1.082251084674543951e-01
9.903083020355696320e-02
9.233086641159017616e-02
8.864563315069094729e-02
8.716873449614681579e-02
1.388096484128067687e-01
1.349052746812401671e-01
1.280549856118893826e-01
1.224111728758859596e-01
1.189011105412088320e-01
1.202400616840203079e-01
1.197153243074650791e-01
1.201066114313003169e-01
1.197153243074651069e-01
1.202400616840203357e-01
1.189011105412088320e-01
1.224111728758859874e-01
1.280549856118894936e-01
1.349052746812401948e-01
1.388096484128067964e-01
1.775358973811547447e-01
1.687997205277344537e-01
1.532279104454924434e-01
1.381004355677972473e-01
1.251661772952162022e-01
1.197153243074650791e-01
1.169715147934075605e-01
1.166352096219665790e-01
1.169715147934076160e-01
1.197153243074650514e-01
1.251661772952162022e-01
1.381004355677972473e-01
1.532279104454925267e-01
1.687997205277345092e-01
1.775358973811548002e-01
1.920227007974573408e-01
1.808446202648502921e-01
1.613607399252990349e-01
1.425303905708301677e-01
1.270159997083227521e-01
1.201066114313004002e-01
1.166352096219664403e-01
1.159403838068539250e-01
1.166352096219666346e-01
1.201066114313003169e-01
1.270159997083228076e-01
1.425303905708301122e-01
1.613607399252988961e-01
1.808446202648502643e-01
1.920227007974573408e-01
1.775358973811548002e-01
1.687997205277345369e-01
1.532279104454925822e-01
1.381004355677972473e-01
1.251661772952161744e-01
1.197153243074651069e-01
1.169715147934075189e-01
1.166352096219664958e-01
1.169715147934075328e-01
1.197153243074651069e-01
1.251661772952162022e-01
1.381004355677972195e-01
1.532279104454924712e-01
1.687997205277344814e-01
1.775358973811547725e-01
1.388096484128068242e-01
1.349052746812402503e-01
1.280549856118894381e-01
1.224111728758859874e-01
1.189011105412088876e-01
1.202400616840203634e-01
1.197153243074650236e-01
1.201066114313003863e-01
1.197153243074651624e-01
1.202400616840203773e-01
1.189011105412088737e-01
1.224111728758860290e-01
1.280549856118895213e-01
1.349052746812402781e-01
1.388096484128068520e-01
8.716873449614678804e-02
8.864563315069097504e-02
9.233086641159016228e-02
9.903083020355701871e-02
1.082251084674544089e-01
1.189011105412089014e-01
1.251661772952163409e-01
1.270159997083228076e-01
1.251661772952161467e-01
1.189011105412088598e-01
1.082251084674543673e-01
9.903083020355699095e-02
9.233086641159013452e-02
8.864563315069096117e-02
8.716873449614684355e-02
3.594963992891395815e-02
4.190005181286637209e-02
5.468420833878061271e-02
7.428530526319906957e-02
9.903083020355699095e-02
1.224111728758860429e-01
1.381004355677972195e-01
1.425303905708302232e-01
1.381004355677972750e-01
1.224111728758860290e-01
9.903083020355699095e-02
7.428530526319906957e-02
5.468420833878063353e-02
4.190005181286639985e-02
3.594963992891398591e-02
-1.658050732026863277e-03
6.914159552607377843e-03
2.550618762531935146e-02
5.468420833878064047e-02
9.233086641159017616e-02
1.280549856118894658e-01
1.532279104454925822e-01
1.613607399252991181e-01
1.532279104454925545e-01
1.280549856118894936e-01
9.233086641159012065e-02
5.468420833878066128e-02
2.550618762531939310e-02
6.914159552607397792e-03
-1.658050732026875636e-03
-2.570099910377652425e-02
-1.544875492391099663e-02
6.914159552607370904e-03
4.190005181286640679e-02
8.864563315069098892e-02
1.349052746812402503e-01
1.687997205277345925e-01
1.808446202648504586e-01
1.687997205277346202e-01
1.349052746812403059e-01
8.864563315069094729e-02
4.190005181286642760e-02
6.914159552607410802e-03
-1.544875492391092203e-02
-2.570099910377649302e-02
-3.619823459336993232e-02
-2.570099910377657976e-02
-1.658050732026907078e-03
3.594963992891404142e-02
8.716873449614678804e-02
1.388096484128067964e-01
1.775358973811548557e-01
1.920227007974573963e-01
1.775358973811548557e-01
1.388096484128068520e-01
8.716873449614682967e-02
3.594963992891408305e-02
-1.658050732026802778e-03
-2.570099910377641322e-02
-3.619823459336984212e-02
4.231191475643858533e-04
-1.193741385828920795e-03
-1.987758829639221965e-03
2.722047319338974369e-02
8.309129900270040281e-02
1.575194498937138032e-01
2.218542196629035013e-01
2.394806809068019127e-01
2.218542196629035013e-01
1.575194498937138865e-01
8.309129900270041669e-02
2.722047319338977492e-02
-1.987758829639148239e-03
-1.193741385828919711e-03
4.231191475642645853e-04
-1.193741385828911471e-03
2.649447001041428207e-04
5.008797568452003079e-03
3.546351059852857063e-02
8.734855897924415080e-02
1.533408194182390716e-01
2.112093210558229073e-01
2.258239564535004795e-01
2.112093210558229073e-01
1.533408194182389883e-01
8.734855897924415080e-02
3.546351059852858451e-02
5.008797568452066397e-03
2.649447001041724736e-04
-1.193741385828915591e-03
-1.987758829639183367e-03
5.008797568452020427e-03
1.930845936333943497e-02
5.139161507757539910e-02
9.675441100642119541e-02
1.471403463326722560e-01
1.886281181261337259e-01
1.990095476104156436e-01
1.886281181261337259e-01
1.471403463326722560e-01
9.675441100642116765e-02
5.139161507757537828e-02
1.930845936333948354e-02
5.008797568452062927e-03
-1.987758829639167321e-03
2.722047319338971941e-02
3.546351059852856369e-02
5.139161507757537134e-02
7.524921024339366327e-02
1.056411225639741214e-01
1.340992226049543545e-01
1.552239594033494319e-01
1.618048559463113045e-01
1.552239594033494874e-01
1.340992226049544100e-01
1.056411225639741769e-01
7.524921024339370490e-02
5.139161507757538522e-02
3.546351059852863308e-02
2.722047319338979920e-02
8.309129900270034730e-02
8.734855897924410917e-02
9.675441100642113990e-02
1.056411225639740936e-01
1.125161812034712328e-01
1.180265336872345638e-01
1.191509500390712933e-01
1.224038474712833557e-01
1.191509500390714321e-01
1.180265336872346055e-01
1.125161812034712744e-01
1.056411225639740797e-01
9.675441100642107051e-02
8.734855897924415080e-02
8.309129900270038893e-02
1.575194498937137200e-01
1.533408194182389606e-01
1.471403463326722560e-01
1.340992226049542990e-01
1.180265336872344806e-01
9.731732720718955232e-02
8.190263541513963241e-02
7.899730159628269577e-02
8.190263541513963241e-02
9.731732720718960783e-02
1.180265336872345500e-01
1.340992226049542713e-01
1.471403463326722283e-01
1.533408194182389606e-01
1.575194498937138310e-01
2.218542196629033070e-01
2.112093210558226575e-01
1.886281181261335593e-01
1.552239594033494596e-01
1.191509500390714460e-01
8.190263541513959078e-02
6.091690135077131724e-02
5.396111875133865338e-02
6.091690135077122009e-02
8.190263541513957690e-02
1.191509500390713350e-01
1.552239594033495151e-01
1.886281181261336426e-01
2.112093210558227963e-01
2.218542196629034458e-01
2.394806809068020237e-01
2.258239564535003685e-01
1.990095476104155603e-01
1.618048559463112768e-01
1.224038474712835084e-01
7.899730159628272352e-02
5.396111875133869501e-02
4.569060192196264941e-02
5.396111875133872277e-02
7.899730159628279291e-02
1.224038474712834945e-01
1.618048559463112768e-01
1.990095476104155325e-01
2.258239564535003685e-01
2.394806809068020514e-01
2.218542196629033625e-01
2.112093210558227407e-01
1.886281181261337259e-01
1.552239594033494874e-01
1.191509500390714876e-01
8.190263541513963241e-02
6.091690135077128948e-02
5.396111875133869501e-02
6.091690135077132418e-02
8.190263541513960466e-02
1.191509500390713905e-01
1.552239594033495151e-01
1.886281181261336704e-01
2.112093210558227963e-01
2.218542196629034458e-01
1.575194498937138587e-01
1.533408194182389883e-01
1.471403463326722838e-01
1.340992226049544100e-01
1.180265336872345777e-01
9.731732720718966334e-02
8.190263541513960466e-02
7.899730159628270965e-02
8.190263541513964629e-02
9.731732720718958007e-02
1.180265336872345777e-01
1.340992226049543268e-01
1.471403463326723393e-01
1.533408194182390438e-01
1.575194498937138587e-01
8.309129900270040281e-02
8.734855897924416468e-02
9.675441100642109826e-02
1.056411225639741075e-01
1.125161812034712883e-01
1.180265336872345777e-01
1.191509500390713905e-01
1.224038474712834806e-01
1.191509500390713905e-01
1.180265336872346055e-01
1.125161812034712744e-01
1.056411225639741214e-01
9.675441100642111214e-02
8.734855897924415080e-02
8.309129900270040281e-02
2.722047319338970553e-02
3.546351059852852206e-02
5.139161507757528113e-02
7.524921024339363551e-02
1.056411225639741214e-01
1.340992226049543545e-01
1.552239594033494596e-01
1.618048559463112768e-01
1.552239594033495151e-01
1.340992226049543823e-01
1.056411225639741214e-01
7.524921024339366327e-02
5.139161507757537828e-02
3.546351059852857063e-02
2.722047319338973329e-02
-1.987758829639288318e-03
5.008797568451946701e-03
1.930845936333943150e-02
5.139161507757535746e-02
9.675441100642108438e-02
1.471403463326722283e-01
1.886281181261336704e-01
1.990095476104155603e-01
1.886281181261337536e-01
1.471403463326722838e-01
9.675441100642113990e-02
5.139161507757537828e-02
1.930845936333943150e-02
5.008797568452007416e-03
-1.987758829639231940e-03
-1.193741385828966115e-03
2.649447001041008620e-04
5.008797568452002212e-03
3.546351059852859838e-02
8.734855897924410917e-02
1.533408194182390716e-01
2.112093210558228518e-01
2.258239564535005350e-01
2.112093210558229073e-01
1.533408194182390993e-01
8.734855897924413692e-02
3.546351059852859838e-02
5.008797568452060325e-03
2.649447001041565900e-04
-1.193741385828919711e-03
4.231191475643550619e-04
-1.193741385829006447e-03
-1.987758829639218495e-03
2.722047319338977145e-02
8.309129900270040281e-02
1.575194498937138587e-01
2.218542196629035568e-01
2.394806809068020514e-01
2.218542196629035013e-01
1.575194498937138865e-01
8.309129900270040281e-02
2.722047319338979574e-02
-1.987758829639117448e-03
-1.193741385828911905e-03
4.231191475643708913e-04
