5.000000000000000000e-01
5.000000000000000000e-01
5.000000000000000000e-01
5.000000000000000000e-01
5.000000000000000000e-01
5.000000000000000000e-01
5.000000000000000000e-01
5.000000000000000000e-01
5.000000000000000000e-01
5.000000000000000000e-01
5.000000000000000000e-01
5.000000000000000000e-01
5.000000000000000000e-01
5.000000000000000000e-01
5.000000000000000000e-01
5.000000000000000000e-01
5.000000000000000000e-01
5.000000000000000000e-01
5.000000000000000000e-01
5.000000000000000000e-01
5.000000000000000000e-01
5.000000000000000000e-01
5.000000000000000000e-01
5.000000000000000000e-01
5.000000000000000000e-01
5.000000000000000000e-01
5.000000000000000000e-01
5.000000000000000000e-01
5.000000000000000000e-01
5.000000000000000000e-01
5.000000000000000000e-01
5.000000000000000000e-01
5.000000000000000000e-01
5.000000000000000000e-01
5.000000000000000000e-01
5.000000000000000000e-01
5.000000000000000000e-01
5.000000000000000000e-01
5.000000000000000000e-01
5.000000000000000000e-01
5.000000000000000000e-01
5.000000000000000000e-01
5.000000000000000000e-01
5.000000000000000000e-01
5.000000000000000000e-01
5.000000000000000000e-01
5.000000000000000000e-01
5.000000000000000000e-01
5.000000000000000000e-01
5.000000000000000000e-01
5.000000000000000000e-01
5.000000000000000000e-01
5.000000000000000000e-01
5.000000000000000000e-01
5.000000000000000000e-01
5.000000000000000000e-01
5.000000000000000000e-01
5.000000000000000000e-01
5.000000000000000000e-01
5.000000000000000000e-01
5.000000000000000000e-01
5.000000000000000000e-01
5.000000000000000000e-01
5.000000000000000000e-01
5.000000000000000000e-01
5.000000000000000000e-01
5.000000000000000000e-01
5.000000000000000000e-01
5.000000000000000000e-01
5.000000000000000000e-01
5.000000000000000000e-01
5.000000000000000000e-01
5.000000000000000000e-01
5.000000000000000000e-01
5.000000000000000000e-01
5.000000000000000000e-01
5.000000000000000000e-01
5.000000000000000000e-01
5.000000000000000000e-01
5.000000000000000000e-01
5.000000000000000000e-01
5.000000000000000000e-01
5.000000000000000000e-01
5.000000000000000000e-01
5.000000000000000000e-01
5.000000000000000000e-01
5.000000000000000000e-01
5.000000000000000000e-01
5.000000000000000000e-01
5.000000000000000000e-01
5.000000000000000000e-01
5.000000000000000000e-01
5.000000000000000000e-01
5.000000000000000000e-01
5.000000000000000000e-01
5.000000000000000000e-01
5.000000000000000000e-01
5.000000000000000000e-01
5.000000000000000000e-01
5.000000000000000000e-01
5.000000000000000000e-01
5.000000000000000000e-01
5.000000000000000000e-01
5.000000000000000000e-01
5.000000000000000000e-01
5.000000000000000000e-01
5.000000000000000000e-01
5.000000000000000000e-01
5.000000000000000000e-01
5.000000000000000000e-01
5.000000000000000000e-01
5.000000000000000000e-01
5.000000000000000000e-01
5.000000000000000000e-01
5.000000000000000000e-01
5.000000000000000000e-01
5.000000000000000000e-01
5.000000000000000000e-01
5.000000000000000000e-01
5.000000000000001110e-01
5.000000000000001110e-01
5.000000000000001110e-01
5.000000000000001110e-01
5.000000000000001110e-01
5.000000000000001110e-01
5.000000000000001110e-01
5.000000000000001110e-01
5.000000000000001110e-01
5.000000000000001110e-01
5.000000000000001110e-01
5.000000000000001110e-01
5.000000000000001110e-01
5.000000000000001110e-01
5.000000000000001110e-01
5.000000000000001110e-01
5.000000000000001110e-01
5.000000000000001110e-01
5.000000000000001110e-01
5.000000000000001110e-01
5.000000000000001110e-01
5.000000000000001110e-01
5.000000000000001110e-01
5.000000000000001110e-01
5.000000000000001110e-01
5.000000000000001110e-01
5.000000000000001110e-01
5.000000000000001110e-01
5.000000000000001110e-01
5.000000000000001110e-01
5.000000000000001110e-01
5.000000000000001110e-01
5.000000000000001110e-01
5.000000000000001110e-01
5.000000000000001110e-01
5.000000000000001110e-01
5.000000000000001110e-01
5.000000000000001110e-01
5.000000000000001110e-01
5.000000000000001110e-01
5.000000000000001110e-01
5.000000000000001110e-01
5.000000000000001110e-01
5.000000000000001110e-01
5.000000000000001110e-01
5.000000000000001110e-01
5.000000000000001110e-01
5.000000000000001110e-01
5.000000000000001110e-01
5.000000000000001110e-01
5.000000000000001110e-01
5.000000000000001110e-01
5.000000000000001110e-01
5.000000000000001110e-01
5.000000000000001110e-01
5.000000000000001110e-01
5.000000000000003331e-01
5.000000000000013323e-01
5.000000000000058842e-01
5.000000000000236478e-01
5.000000000000922595e-01
5.000000000003527179e-01
5.000000000013316015e-01
5.000000000049773519e-01
5.000000000184520177e-01
5.000000000679282186e-01
5.000000002485984751e-01
5.000000009053934269e-01
5.000000032845784981e-01
5.000000118793733739e-01
5.000000428645906547e-01
5.000001544067929071e-01
5.000005555510937949e-01
5.000019973572514820e-01
5.000071777942003415e-01
5.000257862776044115e-01
5.000926069784694672e-01
5.003323880996299877e-01
5.011909115346904198e-01
5.042372823765276513e-01
5.146588108967307118e-01
5.462592215360595471e-01
6.168152883085790128e-01
6.693158948808164421e-01
6.846470656054444159e-01
6.886010916336015031e-01
6.896468240396670391e-01
6.899444815254028862e-01
6.900382944189187295e-01
6.900778432023241260e-01
6.901109780608457589e-01
6.901435429132806165e-01
6.901768874724423242e-01
6.902050401052811646e-01
6.902299324024399052e-01
6.902534251351341021e-01
6.902734617870679434e-01
6.902924982856065705e-01
6.903168886275186100e-01
6.903518483627019142e-01
6.904055307371813610e-01
6.904923385705721284e-01
6.906377913278864966e-01
6.908901889674438079e-01
6.913314892235776776e-01
6.920930381077498028e-01
6.933835651163055003e-01
6.955255251590924948e-01
6.989862586546840006e-01
7.044136562486059683e-01
7.126657578636206303e-01
7.247999685643259360e-01
7.420066014635023910e-01
7.654453405714454206e-01
7.959494050843685109e-01
8.335760834468476377e-01
8.775403680745820223e-01
9.183558701846328276e-01
9.476207709171782234e-01
9.677877059014677874e-01
9.814595810552899646e-01
9.905647083895557925e-01
9.965298743624088074e-01
1.000370851242678549e+00
1.002795262263171061e+00
1.004292399706664618e+00
1.005195166215095304e+00
1.005725572710552962e+00
1.006027467804955222e+00
1.006191547915666229e+00
1.006273681942864151e+00
1.006307205408127015e+00
1.006312322086334587e+00
1.006302237614916884e+00
1.006285509276695356e+00
1.006265294421957890e+00
1.006243291580663168e+00
1.006219967626797551e+00
1.006194866039425762e+00
1.006167290229836198e+00
1.006136520892483954e+00
1.006101434767932901e+00
1.006061550698283069e+00
1.006017243880705569e+00
1.005968983431913211e+00
1.005917011933093796e+00
1.005861164198568636e+00
1.005800597273275532e+00
1.005733809022079539e+00
1.005657675087247904e+00
1.005568166400063079e+00
1.005460807198488071e+00
1.005329735067784114e+00
1.005167140161121297e+00
1.004957927846007903e+00
1.004723118740665111e+00
1.004547379891707060e+00
1.004446647068684806e+00
1.004408690289758876e+00
1.004406316434666824e+00
1.004447382097427788e+00
1.004584351772931372e+00
1.004882241703582091e+00
1.005416604658366353e+00
1.006267479359244099e+00
1.007512622705324823e+00
1.009221385633680246e+00
1.011444169081042732e+00
1.014206657575257742e+00
1.017509130493409408e+00
1.021332851811946218e+00
1.025657432310884021e+00
1.030227838299328180e+00
1.034466555607952865e+00
1.038306890805576366e+00
1.041739418086761848e+00
1.044753950089047700e+00
1.047345556751461570e+00
1.049519702981914770e+00
1.051294770803522072e+00
1.052701907694865824e+00
1.053783436800756146e+00
1.054588765395403804e+00
1.055169464825108427e+00
1.055574878812852058e+00
1.055849258384672806e+00
1.056030655244235117e+00
1.056147840212305677e+00
1.056221474111745051e+00
1.056266613870638915e+00
1.056295193450847103e+00
1.056314669815952012e+00
1.056328119200377502e+00
1.056337450995409988e+00
1.056344525839971960e+00
1.056351021215258479e+00
1.056357390292401277e+00
1.056362382343459805e+00
1.056366098210890225e+00
1.056369156879599203e+00
1.056371870416246139e+00
1.056374451723403718e+00
1.056376826757134957e+00
1.056378763678801347e+00
1.056380297730739493e+00
1.056381487566269817e+00
1.056382562982382423e+00
1.056383676064924337e+00
1.056384858577252173e+00
1.056385992293786380e+00
1.056386887013117226e+00
1.056387390572062213e+00
1.056387344735911560e+00
1.056387127488627620e+00
1.056387453179302494e+00
1.056388146630196978e+00
1.056388915754618019e+00
1.056389826196518333e+00
1.056391079553719692e+00
1.056392702694376240e+00
1.056393942474037395e+00
1.056394564380282342e+00
1.056394874922218730e+00
1.056395101887515509e+00
1.056395339159392543e+00
1.056395334937745512e+00
1.056394697094072965e+00
1.056393041645825814e+00
1.056390125021220427e+00
1.056387471999958638e+00
1.056386315877998916e+00
1.056386347689298288e+00
1.056387057715307609e+00
1.056388176115767852e+00
1.056390110999313903e+00
1.056393062517350323e+00
1.056395720139811534e+00
1.056397009130071396e+00
1.056396987879351546e+00
1.056395816909933449e+00
1.056394535691408620e+00
1.056393892126343381e+00
1.056393697632560080e+00
1.056393568090313373e+00
1.056393532710028005e+00
1.056393965394502032e+00
1.056394787274045788e+00
1.056395439214373955e+00
1.056395970273300344e+00
1.056396540534079831e+00
1.056397213074685482e+00
1.056397944607883277e+00
1.056398398695143515e+00
1.056398442680231975e+00
1.056398374059876355e+00
1.056398358067613064e+00
1.056398300990657679e+00
1.056398141898178489e+00
1.056397833169381073e+00
1.056397427732913785e+00
1.056397009525526842e+00
1.056396573632116365e+00
1.056396079166786572e+00
1.056395321008620547e+00
1.056394019734314016e+00
1.056391928881150744e+00
1.056388804817806504e+00
1.056385218536519233e+00
1.056382857953612531e+00
1.056382192546685195e+00
1.056382589800141103e+00
1.056383343230601790e+00
1.056384197847296091e+00
1.056385351573089881e+00
1.056386973467383417e+00
1.056388816842949385e+00
1.056389991533984052e+00
1.056390453810516661e+00
1.056390360539072759e+00
1.056390184612372662e+00
1.056390034556335067e+00
1.056389826703855617e+00
1.056389564658960722e+00
1.056389338463067373e+00
1.056389122152558535e+00
1.056388829893576409e+00
1.056388371178307306e+00
1.056387636522858164e+00
1.056386497471589081e+00
1.056385081110889912e+00
1.056383494929457267e+00
1.056381638324388028e+00
1.056379394798532712e+00
1.056376958769968066e+00
1.056374990595967178e+00
1.056373638525250902e+00
1.056372952711867708e+00
1.056372664306162390e+00
1.056372288586904462e+00
1.056371775029796956e+00
1.056371160036323698e+00
1.056370513678537071e+00
1.056369802886192089e+00
1.056369048277696621e+00
1.056368120440629887e+00
1.056366514468084494e+00
1.056364035001161161e+00
1.056361742310777174e+00
1.056359890302976945e+00
1.056358389877106507e+00
1.056356849539369591e+00
1.056355133432514748e+00
1.056353647002143958e+00
1.056352735490093897e+00
1.056351927284765901e+00
1.056350520034197826e+00
1.056348406823400587e+00
1.056346189127028934e+00
1.056344162518971563e+00
1.056342068670035772e+00
1.056339178795362654e+00
1.056335417331316640e+00
1.056331645108346429e+00
1.056328224022310192e+00
1.056324270307986035e+00
1.056319193310677473e+00
1.056313469321038978e+00
1.056308418470723653e+00
1.056304099207361347e+00
1.056298182075171121e+00
1.056288745560619136e+00
1.056277936511928361e+00
1.056274758775754385e+00
1.056278133781503037e+00
1.056290793304716980e+00
1.056337815132722291e+00
1.056494083133616257e+00
1.056958826794109241e+00
1.058274341351349124e+00
1.061887018017912077e+00
1.071224505528689752e+00
1.092179785467918274e+00
1.123950374674399066e+00
1.142277738036745260e+00
1.148732404444211763e+00
1.150758996651769284e+00
1.151378929041194654e+00
1.151577211734303940e+00
1.151650398979345180e+00
1.151685665179886797e+00
1.151708671263648842e+00
1.151727391892199082e+00
1.151744492370591733e+00
1.151760918804734857e+00
1.151776611001925632e+00
1.151790896434212730e+00
1.151803677111552737e+00
1.151815037981995360e+00
1.151825239028374304e+00
1.151834606466564326e+00
1.151843382581382746e+00
1.151851597229960111e+00
1.151859246762998890e+00
1.151866349308897863e+00
1.151872877298793618e+00
1.151878919375517452e+00
1.151884682279021632e+00
1.151890355736673532e+00
1.151896109053139661e+00
1.151902059319285687e+00
1.151908111936800871e+00
1.151914147622200790e+00
1.151919995479628422e+00
1.151925595845457950e+00
1.151930948548940181e+00
1.151936130744224629e+00
1.151941039448217019e+00
1.151945647618288993e+00
1.151950146048641432e+00
1.151954638838409206e+00
1.151959039355845205e+00
1.151963175599363343e+00
1.151966933441173069e+00
1.151970224070688387e+00
1.151973186099628066e+00
1.151975977832445430e+00
1.151978916829852428e+00
1.151982318885399481e+00
1.151986281507802357e+00
1.151990840946438999e+00
1.151996387395665788e+00
1.152004053294587216e+00
1.152015860603737618e+00
1.152035431055480563e+00
1.152069038396507095e+00
1.152126646455951642e+00
1.152226221144427409e+00
1.152397608009123831e+00
1.152687122519039820e+00
1.153165281175985379e+00
1.153936185102734546e+00
1.155144904141740314e+00
1.156984304303836808e+00
1.159694845889339465e+00
1.163548209334041017e+00
1.168811213883068412e+00
1.175683211364628278e+00
1.184186618290423931e+00
1.194013525119555608e+00
1.203748208223176963e+00
1.210860060744821665e+00
1.215707213012743981e+00
1.218955517676318268e+00
1.221103299374939111e+00
1.222506315754136708e+00
1.223411211030084988e+00
1.223986234739920187e+00
1.224345204792390840e+00
1.224564616808975437e+00
1.224695507511404768e+00
1.224771371041836199e+00
1.224813725441094014e+00
1.224836113702157059e+00
1.224846842791468715e+00
1.224850865447436155e+00
1.224851054082075841e+00
1.224849144427696768e+00
1.224846399512169004e+00
1.224843344997127215e+00
1.224840190932578121e+00
1.224837007158225743e+00
1.224833787000121799e+00
1.224830513305771307e+00
1.224827164155628978e+00
1.224823665727589717e+00
1.224819908079164188e+00
1.224815773693546106e+00
1.224811171852197900e+00
1.224806067705319190e+00
1.224800494418435859e+00
1.224794541401450054e+00
1.224788321343748043e+00
1.224781927273677073e+00
1.224775391804585611e+00
1.224768659198031573e+00
1.224761575975521932e+00
1.224753905700583401e+00
1.224745361261305288e+00
1.224735623297647846e+00
1.224724307636224863e+00
1.224710838066366492e+00
1.224694170055764308e+00
1.224672451612524249e+00
1.224646218534397590e+00
1.224626732265133411e+00
1.224616845193767567e+00
1.224614616158790970e+00
1.224617774567372530e+00
1.224634094161099362e+00
1.224678183842203616e+00
1.224771437686262621e+00
1.224944930739608528e+00
1.225242078680319757e+00
1.225720350182270879e+00
1.226451062214293675e+00
1.227516542145450806e+00
1.229004048262406057e+00
1.230996695615768077e+00
1.233562947471128712e+00
1.236747034477723828e+00
1.240562788278478212e+00
1.244992528763845252e+00
1.249991133071123750e+00
1.255493911450186850e+00
1.261426034135150642e+00
1.267711310304248995e+00
1.274278816854789609e+00
1.281066867012424115e+00
1.288024561353797282e+00
1.295111580449159749e+00
1.302296936338340760e+00
1.309557297877785409e+00
1.316875307999307410e+00
1.324238108453666740e+00
1.331636148585323420e+00
1.339062279131139732e+00
1.346511092425283440e+00
1.353978452129492860e+00
1.361461159208383620e+00
1.368956708475827178e+00
1.376463127221731586e+00
1.383978848495372560e+00
1.391502612015194318e+00
1.399033383122840313e+00
1.406570285892239536e+00
1.414112540514743888e+00
1.421659403823783085e+00
1.429210109191473510e+00
1.436763795579099945e+00
1.444319421983450757e+00
1.451875660583920480e+00
1.459430763461467162e+00
1.466982388608604193e+00
1.474527377660787453e+00
1.482061488004942973e+00
1.489579046909411453e+00
1.497068644361555956e+00
1.504505056107476646e+00
1.511882895519895520e+00
1.519198818440007814e+00
1.526442792303845941e+00
1.533598599953238217e+00
1.540642821123058948e+00
1.547543280210196714e+00
1.554257324820977448e+00
1.560730438322414315e+00
1.566895917440614294e+00
1.572676546032256706e+00
1.577989188832333411e+00
1.582752807991524957e+00
1.586899405919283357e+00
1.590385992822440198e+00
1.593204419890397849e+00
1.595385652171169122e+00
1.596996396138579133e+00
1.598128611556174361e+00
1.598885045417568040e+00
1.599365091248017290e+00
1.599654482844167225e+00
1.599820289094082248e+00
1.599910645248526109e+00
1.599957518297291381e+00
1.599980684151001364e+00
1.599991599455633295e+00
1.599996505413128212e+00
1.599998609575562059e+00
1.599999470964343029e+00
1.599999807564009613e+00
1.599999933106343031e+00
1.599999977788876038e+00
1.599999992959734607e+00
1.599999997871164981e+00
1.599999999386399141e+00
1.599999999831565711e+00
1.599999999956011720e+00
1.599999999989082822e+00
1.599999999997427924e+00
1.599999999999425215e+00
1.599999999999878186e+00
1.599999999999975220e+00
1.599999999999994982e+00
1.599999999999998757e+00
1.599999999999999201e+00
1.599999999999999201e+00
1.599999999999999201e+00
1.599999999999999423e+00
1.599999999999999423e+00
1.599999999999999645e+00
1.599999999999999645e+00
1.599999999999999645e+00
1.599999999999999645e+00
1.599999999999999645e+00
1.599999999999999645e+00
1.599999999999999645e+00
1.599999999999999645e+00
1.600000000000000089e+00
1.600000000000000089e+00
1.600000000000000089e+00
1.600000000000000089e+00
1.600000000000000089e+00
1.600000000000000089e+00
1.600000000000000089e+00
1.600000000000000089e+00
1.600000000000000089e+00
1.600000000000000089e+00
1.600000000000000089e+00
1.600000000000000089e+00
1.600000000000000089e+00
1.600000000000000089e+00
1.600000000000000089e+00
1.600000000000000089e+00
1.600000000000000089e+00
1.600000000000000089e+00
1.600000000000000089e+00
1.600000000000000089e+00
1.600000000000000089e+00
1.600000000000000089e+00
1.600000000000000089e+00
1.600000000000000089e+00
1.600000000000000089e+00
1.600000000000000089e+00
1.600000000000000089e+00
1.600000000000000089e+00
1.600000000000000089e+00
1.600000000000000089e+00
1.600000000000000089e+00
1.600000000000000089e+00
1.600000000000000089e+00
1.600000000000000089e+00
1.600000000000000089e+00
1.600000000000000089e+00
1.600000000000000089e+00
1.600000000000000089e+00
1.600000000000000089e+00
1.600000000000000089e+00
1.600000000000000089e+00
1.600000000000000089e+00
1.600000000000000089e+00
1.600000000000000089e+00
1.600000000000000089e+00
1.600000000000000089e+00
1.600000000000000089e+00
1.600000000000000089e+00
1.600000000000000089e+00
1.600000000000000089e+00
1.600000000000000089e+00
1.600000000000000089e+00
1.600000000000000089e+00
1.600000000000000089e+00
1.600000000000000089e+00
1.600000000000000089e+00
1.600000000000000089e+00
1.600000000000000089e+00
1.600000000000000089e+00
1.600000000000000089e+00
1.600000000000000089e+00
1.600000000000000089e+00
1.600000000000000089e+00
1.600000000000000089e+00
1.600000000000000089e+00
1.600000000000000089e+00
1.600000000000000089e+00
1.600000000000000089e+00
1.600000000000000089e+00
1.600000000000000089e+00
1.600000000000000089e+00
1.600000000000000089e+00
1.600000000000000089e+00
1.600000000000000089e+00
1.600000000000000089e+00
1.600000000000000089e+00
1.600000000000000089e+00
1.600000000000000089e+00
1.600000000000000089e+00
1.600000000000000089e+00
1.600000000000000089e+00
1.600000000000000089e+00
1.600000000000000089e+00
1.600000000000000089e+00
1.600000000000000089e+00
1.600000000000000089e+00
1.600000000000000089e+00
1.600000000000000089e+00
1.600000000000000089e+00
1.600000000000000089e+00
1.600000000000000089e+00
1.600000000000000089e+00
1.600000000000000089e+00
1.600000000000000089e+00
1.600000000000000089e+00
1.600000000000000089e+00
1.600000000000000089e+00
1.600000000000000089e+00
1.600000000000000089e+00
1.600000000000000089e+00
1.600000000000000089e+00
1.600000000000000089e+00
1.600000000000000089e+00
1.600000000000000089e+00
1.600000000000000089e+00
1.600000000000000089e+00
1.600000000000000089e+00
1.600000000000000089e+00
1.600000000000000089e+00
1.600000000000000089e+00
1.600000000000000089e+00
1.600000000000000089e+00
1.600000000000000089e+00
1.600000000000000089e+00
1.600000000000000089e+00
1.600000000000000089e+00
