0.0 9.86207116744 98.6207116744
0.0404559510031 9.43543444612 94.3543444612
0.0809119020063 8.76889981829 87.6889981829
0.1 8.49046608133 84.9046608133
0.142407008643 7.93914165251 79.3914165251
0.185331869133 7.18173141201 71.8173141201
0.2 6.82326200354 68.2326200354
0.246613973761 5.50257436684 55.0257436684
0.294283935026 4.25278147069 42.5278147069
0.3 4.1391684091 41.391684091
0.356407142252 3.12512991679 31.2512991679
0.4 2.53604558363 25.3604558363
0.463204082625 1.78763528602 17.8763528602
0.5 1.4088686647 14.088686647
0.570225779627 0.800188461735 8.00188461735
0.6 0.603306963367 6.03306963367
0.676895409519 0.196950089208 1.96950089208
0.7 0.107320066939 1.07320066939
0.779277257586 -0.138161996591 -1.38161996591
0.8 -0.186386263985 -1.86386263985
0.880023448572 -0.334818848379 -3.34818848379
0.9 -0.362861630739 -3.62861630739
0.982825479863 -0.45482936975 -4.5482936975
1.0 -0.469231011439 -4.69231011439
